'400',300,85600,,'',0,14700,,'',0,5300,,'',0,20000,,'',0,14700,,'',0,5300,,'',0,10000,,'',0,8000,,'',0,8900,,'',0,11600,,'',0,11100,,'',0,17700,,'',0,18300,,'',0
'400',301,85600,4,'',0,20000,4,'',0,20000,4,'',0,20000,4,'',0,10000,4,'',0,8000,4,'',0,20500,4,'',0,28800,4,'',0,18200,4,'',0
'401',300,95000,,'',0,36000,,'',0,20000,,'',0,19200,,'',0,10000,,'',0
'401',301,94600,4,'',0,75500,4,'',0,10000,4,'',0
'402',300,62800,,'',0,9100,,'',0,11700,,'',0,9500,,'',0,11200,,'',0,9800,,'',0,10800,,'',0,9900,,'',0,10000,,'',0,18000,,'',0,1700,,'',0,6400,,'',0,3200,,'',0,19800,,'',0,19000,,'',0
'402',301,62800,4,'',0,8800,4,'',0,12000,4,'',0,9500,4,'',0,41700,4,'',0,29700,4,'',0,9600,4,'',0,19800,4,'',0,19000,4,'',0
'403',300,62800,,'',0,9100,,'',0,11700,,'',0,9500,,'',0,11200,,'',0,9800,,'',0,10800,,'',0,9900,,'',0,10000,,'',0,18000,,'',0,1700,,'',0,6400,,'',0,3200,,'',0,19800,,'',0,19000,,'',0
'403',301,62800,4,'',0,8800,4,'',0,12000,4,'',0,9500,4,'',0,41700,4,'',0,29700,4,'',0,9600,4,'',0,19800,4,'',0,19000,4,'',0
'404',300,62800,,'',0,9100,,'',0,11700,,'',0,9500,,'',0,11200,,'',0,9800,,'',0,10800,,'',0,9900,,'',0,10000,,'',0,18000,,'',0,1700,,'',0,6400,,'',0,3200,,'',0,19800,,'',0,19000,,'',0
'404',301,62800,4,'',0,8800,4,'',0,12000,4,'',0,9500,4,'',0,41700,4,'',0,29700,4,'',0,9600,4,'',0,19800,4,'',0,19000,4,'',0
'405',300,62800,,'',0,9100,,'',0,11700,,'',0,9500,,'',0,11200,,'',0,9800,,'',0,10800,,'',0,9900,,'',0,10000,,'',0,18000,,'',0,1700,,'',0,6400,,'',0,3200,,'',0,19800,,'',0,19000,,'',0
'405',301,62800,4,'',0,8800,4,'',0,12000,4,'',0,9500,4,'',0,41700,4,'',0,29700,4,'',0,9600,4,'',0,19800,4,'',0,19000,4,'',0
'406',300,62800,,'',0,9100,,'',0,11700,,'',0,9500,,'',0,11200,,'',0,9800,,'',0,10800,,'',0,9900,,'',0,10000,,'',0,18000,,'',0,1700,,'',0,6400,,'',0,3200,,'',0,19800,,'',0,19000,,'',0,18300,,'',0
'406',301,62800,4,'',0,8800,4,'',0,12000,4,'',0,9500,4,'',0,41700,4,'',0,29700,4,'',0,9600,4,'',0,19800,4,'',0,19000,4,'',0,18300,4,'',0
'407',300,81600,,'',0,10900,,'',0,11100,,'',0,11100,,'',0,10400,,'',0,10500,,'',0,14500,,'',0,11100,,'',0,11300,,'',0,11600,,'',0,11100,,'',0,17700,,'',0,18300,,'',0
'407',301,92100,4,'',0,33000,4,'',0,10500,4,'',0,14500,4,'',0,34000,4,'',0,28800,4,'',0,18200,4,'',0
'408',300,62800,,'',0,9100,,'',0,2400,0,'Comox Mall',0,9300,,'',0,9500,,'',0,11200,,'',0,9800,,'',0,10800,,'',0,9900,,'',0,10000,,'',0,18000,,'',0,1700,,'',0,6400,,'',0,3200,,'',0,19800,,'',0,19000,,'',0
'408',301,62800,4,'',0,8800,4,'',0,2500,4,'',0,9500,4,'',0,9500,4,'',0,41700,4,'',0,29700,4,'',0,9600,4,'',0,19800,4,'',0,19000,4,'',0
'409',300,62800,,'',0,9100,,'',0,2400,0,'Comox Mall',0,9300,,'',0,9500,,'',0,11200,,'',0,9800,,'',0,10800,,'',0,9900,,'',0,10000,,'',0,18000,,'',0,1700,,'',0,6400,,'',0,3200,,'',0,19800,,'',0,19000,,'',0
'409',301,62800,4,'',0,8800,4,'',0,2500,4,'',0,9500,4,'',0,9500,4,'',0,41700,4,'',0,29700,4,'',0,9600,4,'',0,19800,4,'',0,19000,4,'',0
'410',300,62800,,'',0,9100,,'',0,2400,0,'Comox Mall',0,9300,,'',0,9500,,'',0,11200,,'',0,9800,,'',0,10800,,'',0,9900,,'',0,10000,,'',0,18000,,'',0,1700,,'',0,6400,,'',0,3200,,'',0,19800,,'',0,19000,,'',0
'410',301,62800,4,'',0,8800,4,'',0,2500,4,'',0,9500,4,'',0,9500,4,'',0,41700,4,'',0,29700,4,'',0,9600,4,'',0,19800,4,'',0,19000,4,'',0
'411',300,62800,,'',0,9100,,'',0,2400,0,'Comox Mall',0,9300,,'',0,9500,,'',0,11200,,'',0,9800,,'',0,10800,,'',0,9900,,'',0,10000,,'',0,18000,,'',0,1700,,'',0,6400,,'',0,3200,,'',0,19800,,'',0,19000,,'',0,18300,,'',0
'411',301,62800,4,'',0,8800,4,'',0,2500,4,'',0,9500,4,'',0,9500,4,'',0,41700,4,'',0,29700,4,'',0,9600,4,'',0,19800,4,'',0,19000,4,'',0,18300,4,'',0
'412',300,62800,,'',0,9100,,'',0,2400,0,'Comox Mall',0,9300,,'',0,9500,,'',0,11200,,'',0,9800,,'',0,10800,,'',0,9900,,'',0,10000,,'',0,18000,,'',0,1700,,'',0,6400,,'',0,3200,,'',0,19800,,'',0,19000,,'',0
'412',301,62800,4,'',0,8800,4,'',0,2500,4,'',0,9500,4,'',0,9500,4,'',0,41700,4,'',0,29700,4,'',0,9600,4,'',0,19800,4,'',0,19000,4,'',0
'400',15800,100300,4,'',0,40000,4,'',0,32200,4,'',0,22400,4,'',0
'401',15800,130800,4,'',0,20000,4,'',0
'402',15800,104300,4,'',0,9800,4,'',0,10800,4,'',0,19900,4,'',0,18000,4,'',0,8100,4,'',0
'403',15800,104300,4,'',0,9800,4,'',0,10800,4,'',0,19900,4,'',0,18000,4,'',0,8100,4,'',0
'404',15800,104300,4,'',0,9800,4,'',0,10800,4,'',0,19900,4,'',0,18000,4,'',0,8100,4,'',0
'405',15800,104300,4,'',0,9800,4,'',0,10800,4,'',0,19900,4,'',0,18000,4,'',0,8100,4,'',0
'406',15800,104300,4,'',0,9800,4,'',0,10800,4,'',0,19900,4,'',0,18000,4,'',0,8100,4,'',0
'407',15800,81600,4,'',0,22000,4,'',0,11100,4,'',0,46500,4,'',0,11300,4,'',0,22700,4,'',0
'408',15800,104300,4,'',0,9800,4,'',0,10800,4,'',0,19900,4,'',0,18000,4,'',0,8100,4,'',0
'409',15800,104300,4,'',0,9800,4,'',0,10800,4,'',0,19900,4,'',0,18000,4,'',0,8100,4,'',0
'410',15800,104300,4,'',0,9800,4,'',0,10800,4,'',0,19900,4,'',0,18000,4,'',0,8100,4,'',0
'411',15800,104300,4,'',0,9800,4,'',0,10800,4,'',0,19900,4,'',0,18000,4,'',0,8100,4,'',0
'412',15800,104300,4,'',0,9800,4,'',0,10800,4,'',0,19900,4,'',0,18000,4,'',0,8100,4,'',0
