'402',801,65900,0,'Arden',0,8900,,'',0,15600,0,'Arden',0,11400,0,'Arden',0,10000,0,'Arden',0,10000,0,'Arden',0,20100,0,'Arden',0,11800,,'',0,8200,,'',0,18800,0,'Arden',0,23200,0,'Arden',0
'403',801,65900,0,'Arden',0,8900,,'',0,15600,0,'Arden',0,11400,0,'Arden',0,10000,0,'Arden',0,10000,0,'Arden',0,20100,0,'Arden',0,11800,,'',0,8200,,'',0,18800,0,'Arden',0,23200,0,'Arden',0
'404',801,65900,0,'Arden',0,8900,,'',0,15600,0,'Arden',0,11400,0,'Arden',0,10000,0,'Arden',0,10000,0,'Arden',0,20100,0,'Arden',0,11800,,'',0,8200,,'',0,18800,0,'Arden',0,23200,0,'Arden',0
'405',801,65900,0,'Arden',0,8900,,'',0,15600,0,'Arden',0,11400,0,'Arden',0,10000,0,'Arden',0,10000,0,'Arden',0,20100,0,'Arden',0,11800,,'',0,8200,,'',0,18800,0,'Arden',0,23200,0,'Arden',0
'406',801,65900,0,'Arden',0,8900,,'',0,15600,0,'Arden',0,11400,0,'Arden',0,10000,0,'Arden',0,10000,0,'Arden',0,20100,0,'Arden',0,11800,,'',0,8200,,'',0,18800,0,'Arden',0,23200,0,'Arden',0
'407',801,84900,,'',0,21000,0,'Arden',0,25000,0,'Arden',0,24200,,'',0,15300,0,'Arden',0,33000,0,'Arden',0
'408',801,65900,0,'Arden',0,8900,,'',0,15600,0,'Arden',0,11400,0,'Arden',0,10000,0,'Arden',0,10000,0,'Arden',0,20100,0,'Arden',0,11800,,'',0,8200,,'',0,18800,0,'Arden',0,23200,0,'Arden',0
'409',801,65900,0,'Arden',0,8900,,'',0,15600,0,'Arden',0,11400,0,'Arden',0,10000,0,'Arden',0,10000,0,'Arden',0,20100,0,'Arden',0,11800,,'',0,8200,,'',0,18800,0,'Arden',0,23200,0,'Arden',0
'410',801,65900,0,'Arden',0,8900,,'',0,15600,0,'Arden',0,11400,0,'Arden',0,10000,0,'Arden',0,10000,0,'Arden',0,20100,0,'Arden',0,11800,,'',0,8200,,'',0,18800,0,'Arden',0,23200,0,'Arden',0
'411',801,65900,0,'Arden',0,8900,,'',0,15600,0,'Arden',0,11400,0,'Arden',0,10000,0,'Arden',0,10000,0,'Arden',0,20100,0,'Arden',0,11800,,'',0,8200,,'',0,18800,0,'Arden',0,23200,0,'Arden',0
'412',801,65900,0,'Arden',0,8900,,'',0,15600,0,'Arden',0,11400,0,'Arden',0,10000,0,'Arden',0,10000,0,'Arden',0,20100,0,'Arden',0,11800,,'',0,8200,,'',0,18800,0,'Arden',0,23200,0,'Arden',0
