'2655',100,64800,4,'',0,7000,4,'',0,1900,4,'',0,2100,4,'',0,6100,4,'',0,2000,4,'',0,1600,4,'',0,6500,4,'',0,2000,4,'',0,6200,4,'',0,2000,4,'',0,2100,4,'',0,7000,4,'',0,3000,4,'',0,7600,4,'',0,3000,4,'',0,7000,4,'',0,3200,4,'',0,7500,4,'',0,3300,4,'',0,7100,4,'',0,7000,4,'',0,1800,4,'',0,2000,4,'',0,2000,4,'',0,6000,4,'',0,8300,4,'',0,2600,4,'',0,7500,4,'',0,3500,4,'',0,11400,4,'',0
'2656',100,153700,4,'',0,20100,4,'',0,27300,4,'',0,12000,4,'',0,10500,4,'',0
'2659',100,153700,4,'',0,20100,4,'',0,27300,4,'',0,12000,4,'',0,10500,4,'',0,17500,4,'',0
'2660',100,80500,4,'',0,9900,4,'',0,4100,4,'',0,8000,4,'',0,8000,4,'',0,4000,4,'',0,8100,4,'',0,8100,4,'',0,3100,4,'',0,7000,4,'',0,3000,4,'',0,7000,4,'',0,3000,4,'',0,6900,4,'',0,3000,4,'',0,7500,4,'',0,3500,4,'',0,7300,4,'',0,3300,4,'',0,7900,4,'',0,7900,4,'',0,4000,4,'',0,8000,4,'',0,10500,4,'',0,17500,4,'',0
'2661',100,94500,4,'',0,8500,4,'',0,9500,4,'',0,9000,4,'',0,10000,4,'',0,10100,4,'',0,9000,4,'',0,10000,4,'',0,9800,4,'',0,9800,4,'',0,5000,4,'',0,9900,4,'',0
'2655',301,73100,,'',0,8300,,'',0,600,0,'Isfeld S',0,10800,,'',0,10000,,'',0,10000,,'',0,10000,,'',0,10200,,'',0,11500,,'',0,8000,,'',0,12000,,'',0,26200,,'',0
'2656',301,154500,,'',0,19800,,'',0
'2659',301,154500,,'',0,19800,,'',0
'2660',301,81000,,'',0,11700,,'',0,11600,,'',0,11400,,'',0,15600,,'',0,10000,,'',0,10000,,'',0,12900,,'',0,11000,,'',0,10600,,'',0
'2661',301,84000,,'',0,19500,,'',0,10000,,'',0,18500,,'',0,10500,,'',0,18500,,'',0,10000,,'',0,10000,,'',0
'2655',400,81400,4,'',0,10300,4,'',0,10100,4,'',0,10600,4,'',0,10000,4,'',0,10900,4,'',0,10000,4,'',0,19000,4,'',0,11400,4,'',0,16400,4,'',0
'2660',400,91200,4,'',0,12200,4,'',0,11500,4,'',0,15600,4,'',0,11000,4,'',0,10000,4,'',0,10300,4,'',0,12200,4,'',0,16100,4,'',0
'2661',400,125300,4,'',0,29200,4,'',0,38200,4,'',0
'2658',1500,93700,4,'',0,8000,4,'',0,4000,4,'',0,28000,4,'',0,8000,4,'',0,4000,4,'',0
'2658',1501,90000,,'',0,4000,,'',0,8000,,'',0,28000,,'',0,4000,,'',0,8000,,'',0
