'429',200,80300,4,'',0
'430',200,80300,4,'',0
'431',200,80300,4,'',0
'432',200,80300,4,'',0
'433',200,81400,4,'',0,120900,4,'',0
'435',200,80300,4,'',0
'429',600,151600,0,'Vanier',0,10400,0,'Vanier',0
'429',601,82600,4,'',0,3000,4,'',0,67500,4,'',0,200,4,'',0,10200,4,'',0
'430',600,151600,0,'Vanier',0,10400,0,'Vanier',0
'430',601,82600,4,'',0,3000,4,'',0,67500,4,'',0,200,4,'',0,10200,4,'',0
'431',600,151600,0,'Vanier',0,10400,0,'Vanier',0
'431',601,82600,4,'',0,3000,4,'',0,67500,4,'',0,200,4,'',0,10200,4,'',0
'432',600,151600,0,'Vanier',0,10400,0,'Vanier',0
'432',601,82600,4,'',0,3000,4,'',0,67500,4,'',0,200,4,'',0,10200,4,'',0
'433',600,151800,0,'Vanier',0
'433',601,153300,4,'',0
'435',600,151600,0,'Vanier',0,10400,0,'Vanier',0
'435',601,82600,4,'',0,3000,4,'',0,67500,4,'',0,200,4,'',0,10200,4,'',0
'429',701,62000,,'',0,3200,4,'',0,6000,,'',0,3200,4,'',0,7300,,'',0,3200,4,'',0,7100,,'',0,3200,4,'',0,7800,,'',0,7200,4,'',0,3300,,'',0,7200,4,'',0,2800,,'',0,7200,4,'',0,2800,,'',0,7200,4,'',0,2800,,'',0,7200,4,'',0,2800,,'',0,7200,4,'',0,2800,,'',0,7200,4,'',0,2300,,'',0,7200,4,'',0,2300,,'',0,3200,4,'',0,7300,,'',0,7200,4,'',0,2300,,'',0,3200,4,'',0
'430',701,62000,,'',0,3200,4,'',0,6000,,'',0,3200,4,'',0,7300,,'',0,3200,4,'',0,7100,,'',0,3200,4,'',0,7800,,'',0,7200,4,'',0,3300,,'',0,7200,4,'',0,2800,,'',0,7200,4,'',0,2800,,'',0,7200,4,'',0,2800,,'',0,7200,4,'',0,2800,,'',0,7200,4,'',0,2800,,'',0,7200,4,'',0,2300,,'',0,7200,4,'',0,2300,,'',0,3200,4,'',0,7300,,'',0,7200,4,'',0,2300,,'',0,3200,4,'',0
'431',701,62000,,'',0,3200,4,'',0,6000,,'',0,3200,4,'',0,7300,,'',0,3200,4,'',0,7100,,'',0,3200,4,'',0,7800,,'',0,7200,4,'',0,3300,,'',0,7200,4,'',0,2800,,'',0,7200,4,'',0,2800,,'',0,7200,4,'',0,2800,,'',0,7200,4,'',0,2800,,'',0,7200,4,'',0,2800,,'',0,7200,4,'',0,2300,,'',0,7200,4,'',0,2300,,'',0,3200,4,'',0,7300,,'',0,7200,4,'',0,2300,,'',0,3200,4,'',0
'432',701,62000,,'',0,3200,4,'',0,6000,,'',0,3200,4,'',0,7300,,'',0,3200,4,'',0,7100,,'',0,3200,4,'',0,7800,,'',0,7200,4,'',0,3300,,'',0,7200,4,'',0,2800,,'',0,7200,4,'',0,2800,,'',0,7200,4,'',0,2800,,'',0,7200,4,'',0,2800,,'',0,7200,4,'',0,2800,,'',0,7200,4,'',0,2300,,'',0,7200,4,'',0,2300,,'',0,3200,4,'',0,7300,,'',0,7200,4,'',0,2300,,'',0,3200,4,'',0
'433',701,81500,,'',0,3200,4,'',0,7300,,'',0,3200,4,'',0,6800,,'',0,3200,4,'',0,6800,,'',0,3200,4,'',0,7800,,'',0,7200,4,'',0,3300,,'',0,7200,4,'',0,3300,,'',0,7200,4,'',0,2300,,'',0,7200,4,'',0,2800,,'',0,7200,4,'',0,1800,,'',0,3200,4,'',0,6800,,'',0,3200,4,'',0,7300,,'',0,7200,4,'',0,1800,,'',0,3200,4,'',0
'434',701,101000,,'',0,3200,4,'',0,17300,,'',0,3200,4,'',0,17300,,'',0,3200,4,'',0,16800,,'',0,3200,4,'',0
'435',701,62000,,'',0,3200,4,'',0,6000,,'',0,3200,4,'',0,7300,,'',0,3200,4,'',0,7100,,'',0,3200,4,'',0,7800,,'',0,7200,4,'',0,3300,,'',0,7200,4,'',0,2800,,'',0,7200,4,'',0,2800,,'',0,7200,4,'',0,2800,,'',0,7200,4,'',0,2800,,'',0,7200,4,'',0,2800,,'',0,7200,4,'',0,2300,,'',0,7200,4,'',0,2300,,'',0,3200,4,'',0,7300,,'',0,7200,4,'',0,2300,,'',0,3200,4,'',0
'429',801,65500,0,'Arden',0,5200,4,'',0,3700,,'',0,15600,0,'Arden',0,1200,4,'',0,10200,0,'Arden',0,1200,4,'',0,8800,0,'Arden',0,1200,4,'',0,8800,0,'Arden',0,1200,4,'',0,18900,0,'Arden',0,1200,4,'',0,10600,,'',0,8200,,'',0,18800,0,'Arden',0,1200,4,'',0,22000,0,'Arden',0,1200,4,'',0
'430',801,65500,0,'Arden',0,5200,4,'',0,3700,,'',0,15600,0,'Arden',0,1200,4,'',0,10200,0,'Arden',0,1200,4,'',0,8800,0,'Arden',0,1200,4,'',0,8800,0,'Arden',0,1200,4,'',0,18900,0,'Arden',0,1200,4,'',0,10600,,'',0,8200,,'',0,18800,0,'Arden',0,1200,4,'',0,22000,0,'Arden',0,1200,4,'',0
'431',801,65500,0,'Arden',0,5200,4,'',0,3700,,'',0,15600,0,'Arden',0,1200,4,'',0,10200,0,'Arden',0,1200,4,'',0,8800,0,'Arden',0,1200,4,'',0,8800,0,'Arden',0,1200,4,'',0,18900,0,'Arden',0,1200,4,'',0,10600,,'',0,8200,,'',0,18800,0,'Arden',0,1200,4,'',0,22000,0,'Arden',0,1200,4,'',0
'432',801,65500,0,'Arden',0,5200,4,'',0,3700,,'',0,15600,0,'Arden',0,1200,4,'',0,10200,0,'Arden',0,1200,4,'',0,8800,0,'Arden',0,1200,4,'',0,8800,0,'Arden',0,1200,4,'',0,18900,0,'Arden',0,1200,4,'',0,10600,,'',0,8200,,'',0,18800,0,'Arden',0,1200,4,'',0,22000,0,'Arden',0,1200,4,'',0
'433',801,84500,,'',0,21000,0,'Arden',0,5200,4,'',0,19800,0,'Arden',0,1200,4,'',0,23000,,'',0,15300,0,'Arden',0,1200,4,'',0,31800,0,'Arden',0,1200,4,'',0
'435',801,65500,0,'Arden',0,5200,4,'',0,3700,,'',0,15600,0,'Arden',0,1200,4,'',0,10200,0,'Arden',0,1200,4,'',0,8800,0,'Arden',0,1200,4,'',0,8800,0,'Arden',0,1200,4,'',0,18900,0,'Arden',0,1200,4,'',0,10600,,'',0,8200,,'',0,18800,0,'Arden',0,1200,4,'',0,22000,0,'Arden',0,1200,4,'',0
'429',900,64100,4,'',0,11300,4,'',0,15500,4,'',0,9500,4,'',0,10200,4,'',0,10800,4,'',0,11100,4,'',0,10900,4,'',0,8800,4,'',0,10500,4,'',0,9100,4,'',0,12600,4,'',0,16800,4,'',0,19000,4,'',0
'429',901,64400,,'',0,16300,,'',0,9500,,'',0,10000,,'',0,10300,,'',0,11400,,'',0,10000,,'',0,9300,,'',0,12300,,'',0,8100,,'',0,19300,,'',0,10000,,'',0,19100,,'',0
'430',900,64100,4,'',0,11300,4,'',0,15500,4,'',0,9500,4,'',0,10200,4,'',0,10800,4,'',0,11100,4,'',0,10900,4,'',0,8800,4,'',0,10500,4,'',0,9100,4,'',0,12600,4,'',0,16800,4,'',0,19000,4,'',0
'430',901,64400,,'',0,16300,,'',0,9500,,'',0,10000,,'',0,10300,,'',0,11400,,'',0,10000,,'',0,9300,,'',0,12300,,'',0,8100,,'',0,19300,,'',0,10000,,'',0,19100,,'',0
'431',900,64100,4,'',0,11300,4,'',0,15500,4,'',0,9500,4,'',0,10200,4,'',0,10800,4,'',0,11100,4,'',0,10900,4,'',0,8800,4,'',0,10500,4,'',0,9100,4,'',0,12600,4,'',0,16800,4,'',0,19000,4,'',0
'431',901,64400,,'',0,16300,,'',0,9500,,'',0,10000,,'',0,10300,,'',0,11400,,'',0,10000,,'',0,9300,,'',0,12300,,'',0,8100,,'',0,19300,,'',0,10000,,'',0,19100,,'',0
'432',900,64100,4,'',0,11300,4,'',0,15500,4,'',0,9500,4,'',0,10200,4,'',0,10800,4,'',0,11100,4,'',0,10900,4,'',0,8800,4,'',0,10500,4,'',0,9100,4,'',0,12600,4,'',0,16800,4,'',0,19000,4,'',0
'432',901,64400,,'',0,16300,,'',0,9500,,'',0,10000,,'',0,10300,,'',0,11400,,'',0,10000,,'',0,9300,,'',0,12300,,'',0,8100,,'',0,19300,,'',0,10000,,'',0,19100,,'',0
'433',900,100200,4,'',0,11000,4,'',0,11600,4,'',0,10500,4,'',0,10500,4,'',0,10500,4,'',0,11000,4,'',0,16900,4,'',0,10500,4,'',0,9500,4,'',0,18000,4,'',0
'433',901,85000,,'',0,15000,,'',0,11000,,'',0,10500,,'',0,11000,,'',0,10000,,'',0,11000,,'',0,10200,,'',0,16800,,'',0,10500,,'',0,19000,,'',0
'434',900,100700,4,'',0,20100,4,'',0,20500,4,'',0,19500,4,'',0,23900,4,'',0
'434',901,104500,,'',0,20500,,'',0,25000,,'',0,20000,,'',0,15000,,'',0
'435',900,64100,4,'',0,11300,4,'',0,15500,4,'',0,9500,4,'',0,10200,4,'',0,10800,4,'',0,11100,4,'',0,10900,4,'',0,8800,4,'',0,10500,4,'',0,9100,4,'',0,12600,4,'',0,16800,4,'',0,19000,4,'',0
'435',901,64400,,'',0,16300,,'',0,9500,,'',0,10000,,'',0,10300,,'',0,11400,,'',0,10000,,'',0,9300,,'',0,12300,,'',0,8100,,'',0,19300,,'',0,10000,,'',0,19100,,'',0
'429',1000,81100,4,'',0,1000,4,'',0,3500,4,'',0,17900,4,'',0,40000,4,'',0,40000,4,'',0,37100,4,'',0
'429',1001,70000,,'',0,3900,,'',0,17500,,'',0,40000,,'',0,40000,,'',0,33600,,'',0
'430',1000,81100,4,'',0,1000,4,'',0,3500,4,'',0,17900,4,'',0,40000,4,'',0,40000,4,'',0,37100,4,'',0
'430',1001,70000,,'',0,3900,,'',0,17500,,'',0,40000,,'',0,40000,,'',0,33600,,'',0
'431',1000,81100,4,'',0,1000,4,'',0,3500,4,'',0,17900,4,'',0,40000,4,'',0,40000,4,'',0,37100,4,'',0
'431',1001,70000,,'',0,3900,,'',0,17500,,'',0,40000,,'',0,40000,,'',0,33600,,'',0
'432',1000,81100,4,'',0,1000,4,'',0,3500,4,'',0,17900,4,'',0,40000,4,'',0,40000,4,'',0,37100,4,'',0
'432',1001,70000,,'',0,3900,,'',0,17500,,'',0,40000,,'',0,40000,,'',0,33600,,'',0
'433',1000,103600,4,'',0,40000,4,'',0,40000,4,'',0,37500,4,'',0
'433',1001,91500,,'',0,40000,,'',0,40000,,'',0,33500,,'',0
'434',1000,115600,4,'',0
'435',1000,81100,4,'',0,1000,4,'',0,3500,4,'',0,17900,4,'',0,40000,4,'',0,40000,4,'',0,37100,4,'',0
'435',1001,70000,,'',0,3900,,'',0,17500,,'',0,40000,,'',0,40000,,'',0,33600,,'',0
'429',1100,73800,4,'',0,27400,4,'',0,11500,4,'',0,28200,4,'',0,12000,4,'',0,39700,4,'',0,32500,4,'',0
'429',1101,65500,,'',0,26900,,'',0,11400,,'',0,27900,,'',0,12000,,'',0,40300,,'',0,36600,,'',0
'430',1100,73800,4,'',0,27400,4,'',0,11500,4,'',0,28200,4,'',0,12000,4,'',0,39700,4,'',0,32500,4,'',0
'430',1101,65500,,'',0,26900,,'',0,11400,,'',0,27900,,'',0,12000,,'',0,40300,,'',0,36600,,'',0
'431',1100,73800,4,'',0,27400,4,'',0,11500,4,'',0,28200,4,'',0,12000,4,'',0,39700,4,'',0,32500,4,'',0
'431',1101,65500,,'',0,26900,,'',0,11400,,'',0,27900,,'',0,12000,,'',0,40300,,'',0,36600,,'',0
'432',1100,73800,4,'',0,27400,4,'',0,11500,4,'',0,28200,4,'',0,12000,4,'',0,39700,4,'',0,32500,4,'',0
'432',1101,65500,,'',0,26900,,'',0,11400,,'',0,27900,,'',0,12000,,'',0,40300,,'',0,36600,,'',0
'433',1100,101500,4,'',0,11500,4,'',0,40000,4,'',0,39800,4,'',0,32200,4,'',0
'433',1101,92500,,'',0,11500,,'',0,40000,,'',0,40000,,'',0,36500,,'',0
'435',1100,73800,4,'',0,27400,4,'',0,11500,4,'',0,28200,4,'',0,12000,4,'',0,39700,4,'',0,32500,4,'',0
'435',1101,65500,,'',0,26900,,'',0,11400,,'',0,27900,,'',0,12000,,'',0,40300,,'',0,36600,,'',0
'429',1200,60600,,'',0,13000,,'',0,40000,,'',0,19400,,'',0,30600,,'',0,10000,,'',0
'429',1201,73000,4,'',0,17000,4,'',0,40000,4,'',0,20000,4,'',0,30000,4,'',0,10000,4,'',0
'430',1200,60600,,'',0,13000,,'',0,40000,,'',0,19400,,'',0,30600,,'',0,10000,,'',0
'430',1201,73000,4,'',0,17000,4,'',0,40000,4,'',0,20000,4,'',0,30000,4,'',0,10000,4,'',0
'431',1200,60600,,'',0,13000,,'',0,40000,,'',0,19400,,'',0,30600,,'',0,10000,,'',0
'431',1201,73000,4,'',0,17000,4,'',0,40000,4,'',0,20000,4,'',0,30000,4,'',0,10000,4,'',0
'432',1200,60600,,'',0,13000,,'',0,40000,,'',0,19400,,'',0,30600,,'',0,10000,,'',0
'432',1201,73000,4,'',0,17000,4,'',0,40000,4,'',0,20000,4,'',0,30000,4,'',0,10000,4,'',0
'433',1200,113800,,'',0,60000,,'',0
'433',1201,125900,4,'',0,60000,4,'',0
'435',1200,60600,,'',0,13000,,'',0,40000,,'',0,19400,,'',0,30600,,'',0,10000,,'',0
'435',1201,73000,4,'',0,17000,4,'',0,40000,4,'',0,20000,4,'',0,30000,4,'',0,10000,4,'',0
'429',1301,93700,,'',0,9200,4,'',0,12200,,'',0,9200,4,'',0,39400,,'',0,9200,4,'',0
'431',1301,93700,,'',0,9200,4,'',0,12200,,'',0,9200,4,'',0,39400,,'',0,9200,4,'',0
'429',1400,92400,4,'',0,21400,4,'',0,48700,4,'',0
'429',1401,83000,,'',0,21400,,'',0,48600,,'',0
'431',1400,92400,4,'',0,21400,4,'',0,48700,4,'',0
'431',1401,83000,,'',0,21400,,'',0,48600,,'',0
'429',1600,75900,0,'VMP Connector',0,14300,4,'',0
'429',1601,161300,4,'',0
'430',1600,75900,0,'VMP Connector',0,14300,4,'',0
'430',1601,161300,4,'',0
'431',1600,75900,0,'VMP Connector',0,14300,4,'',0
'431',1601,161300,4,'',0
'432',1600,75900,0,'VMP Connector',0,14300,4,'',0
'432',1601,161300,4,'',0
'435',1600,75900,0,'VMP Connector',0,14300,4,'',0
'435',1601,161300,4,'',0
