'400',201,172400,4,'',0,7800,4,'',0,2500,4,'',0,3000,4,'',0,8400,4,'',0,6400,4,'',0,3000,4,'',0,10000,4,'',0,10000,4,'',0,12000,4,'',0
'401',201,95400,4,'',0,8500,4,'',0,10000,4,'',0,10000,4,'',0,10600,4,'',0,10000,4,'',0,10500,4,'',0,9900,4,'',0,9800,4,'',0,10000,4,'',0,10400,4,'',0
'402',201,65600,4,'',0,6000,4,'',0,2500,4,'',0,6000,4,'',0,1900,4,'',0,1800,4,'',0,1400,4,'',0,6000,4,'',0,2500,4,'',0,2000,4,'',0,6000,4,'',0,2000,4,'',0,2000,4,'',0,6000,4,'',0,4000,4,'',0,8100,4,'',0,8000,4,'',0,4000,4,'',0,8100,4,'',0,1900,4,'',0,6000,4,'',0,4000,4,'',0,5800,4,'',0,1500,4,'',0,1900,4,'',0,6100,4,'',0,1900,4,'',0,2000,4,'',0,5900,4,'',0,3200,4,'',0,8000,4,'',0,3000,4,'',0,7900,4,'',0,10000,4,'',0,10000,4,'',0
'403',201,65600,4,'',0,6000,4,'',0,2500,4,'',0,6000,4,'',0,1900,4,'',0,1800,4,'',0,1400,4,'',0,6000,4,'',0,2500,4,'',0,2000,4,'',0,6000,4,'',0,2000,4,'',0,2000,4,'',0,6000,4,'',0,4000,4,'',0,8100,4,'',0,8000,4,'',0,4000,4,'',0,8100,4,'',0,1900,4,'',0,6000,4,'',0,4000,4,'',0,5800,4,'',0,1500,4,'',0,1900,4,'',0,6100,4,'',0,1900,4,'',0,2000,4,'',0,5900,4,'',0,3200,4,'',0,8000,4,'',0,3000,4,'',0,7900,4,'',0,10000,4,'',0,10000,4,'',0
'404',201,65600,4,'',0,6000,4,'',0,2500,4,'',0,6000,4,'',0,1900,4,'',0,1800,4,'',0,1400,4,'',0,6000,4,'',0,2500,4,'',0,2000,4,'',0,6000,4,'',0,2000,4,'',0,2000,4,'',0,6000,4,'',0,4000,4,'',0,8100,4,'',0,8000,4,'',0,4000,4,'',0,8100,4,'',0,1900,4,'',0,6000,4,'',0,4000,4,'',0,5800,4,'',0,1500,4,'',0,1900,4,'',0,6100,4,'',0,1900,4,'',0,2000,4,'',0,5900,4,'',0,3200,4,'',0,8000,4,'',0,3000,4,'',0,7900,4,'',0,10000,4,'',0,10000,4,'',0
'405',201,65600,4,'',0,6000,4,'',0,2500,4,'',0,6000,4,'',0,1900,4,'',0,1800,4,'',0,1400,4,'',0,6000,4,'',0,2500,4,'',0,2000,4,'',0,6000,4,'',0,2000,4,'',0,2000,4,'',0,6000,4,'',0,4000,4,'',0,8100,4,'',0,8000,4,'',0,4000,4,'',0,8100,4,'',0,1900,4,'',0,6000,4,'',0,4000,4,'',0,5800,4,'',0,1500,4,'',0,1900,4,'',0,6100,4,'',0,1900,4,'',0,2000,4,'',0,5900,4,'',0,3200,4,'',0,8000,4,'',0,3000,4,'',0,7900,4,'',0,10000,4,'',0,10000,4,'',0
'406',201,65600,4,'',0,6000,4,'',0,2500,4,'',0,6000,4,'',0,1900,4,'',0,1800,4,'',0,1400,4,'',0,6000,4,'',0,2500,4,'',0,2000,4,'',0,6000,4,'',0,2000,4,'',0,2000,4,'',0,6000,4,'',0,4000,4,'',0,8100,4,'',0,8000,4,'',0,4000,4,'',0,8100,4,'',0,1900,4,'',0,6000,4,'',0,4000,4,'',0,5800,4,'',0,1500,4,'',0,1900,4,'',0,6100,4,'',0,1900,4,'',0,2000,4,'',0,5900,4,'',0,3200,4,'',0,8000,4,'',0,3000,4,'',0,7900,4,'',0,10000,4,'',0,10000,4,'',0,12500,4,'',0
'407',201,80900,4,'',0,9400,4,'',0,3600,4,'',0,7500,4,'',0,3500,4,'',0,7500,4,'',0,3500,4,'',0,7600,4,'',0,7100,4,'',0,3600,4,'',0,7500,4,'',0,3000,4,'',0,7000,4,'',0,3500,4,'',0,7400,4,'',0,3000,4,'',0,7000,4,'',0,8000,4,'',0,2300,4,'',0,2800,4,'',0,7000,4,'',0,7500,4,'',0,3400,4,'',0,10000,4,'',0,10000,4,'',0,12000,4,'',0
'408',201,65600,4,'',0,6000,4,'',0,2500,4,'',0,6000,4,'',0,1900,4,'',0,1800,4,'',0,1400,4,'',0,6000,4,'',0,2500,4,'',0,2000,4,'',0,6000,4,'',0,2000,4,'',0,2000,4,'',0,6000,4,'',0,4000,4,'',0,8100,4,'',0,8000,4,'',0,4000,4,'',0,8100,4,'',0,1900,4,'',0,6000,4,'',0,1800,4,'',0,2200,4,'',0,5800,4,'',0,1500,4,'',0,1900,4,'',0,6100,4,'',0,1900,4,'',0,2000,4,'',0,5900,4,'',0,3200,4,'',0,8000,4,'',0,3000,4,'',0,7900,4,'',0,10000,4,'',0,10000,4,'',0
'409',201,65600,4,'',0,6000,4,'',0,2500,4,'',0,6000,4,'',0,1900,4,'',0,1800,4,'',0,1400,4,'',0,6000,4,'',0,2500,4,'',0,2000,4,'',0,6000,4,'',0,2000,4,'',0,2000,4,'',0,6000,4,'',0,4000,4,'',0,8100,4,'',0,8000,4,'',0,4000,4,'',0,8100,4,'',0,1900,4,'',0,6000,4,'',0,1800,4,'',0,2200,4,'',0,5800,4,'',0,1500,4,'',0,1900,4,'',0,6100,4,'',0,1900,4,'',0,2000,4,'',0,5900,4,'',0,3200,4,'',0,8000,4,'',0,3000,4,'',0,7900,4,'',0,10000,4,'',0,10000,4,'',0
'410',201,65600,4,'',0,6000,4,'',0,2500,4,'',0,6000,4,'',0,1900,4,'',0,1800,4,'',0,1400,4,'',0,6000,4,'',0,2500,4,'',0,2000,4,'',0,6000,4,'',0,2000,4,'',0,2000,4,'',0,6000,4,'',0,4000,4,'',0,8100,4,'',0,8000,4,'',0,4000,4,'',0,8100,4,'',0,1900,4,'',0,6000,4,'',0,1800,4,'',0,2200,4,'',0,5800,4,'',0,1500,4,'',0,1900,4,'',0,6100,4,'',0,1900,4,'',0,2000,4,'',0,5900,4,'',0,3200,4,'',0,8000,4,'',0,3000,4,'',0,7900,4,'',0,10000,4,'',0,10000,4,'',0
'411',201,65600,4,'',0,6000,4,'',0,2500,4,'',0,6000,4,'',0,1900,4,'',0,1800,4,'',0,1400,4,'',0,6000,4,'',0,2500,4,'',0,2000,4,'',0,6000,4,'',0,2000,4,'',0,2000,4,'',0,6000,4,'',0,4000,4,'',0,8100,4,'',0,8000,4,'',0,4000,4,'',0,8100,4,'',0,1900,4,'',0,6000,4,'',0,1800,4,'',0,2200,4,'',0,5800,4,'',0,1500,4,'',0,1900,4,'',0,6100,4,'',0,1900,4,'',0,2000,4,'',0,5900,4,'',0,3200,4,'',0,8000,4,'',0,3000,4,'',0,7900,4,'',0,10000,4,'',0,10000,4,'',0,12500,4,'',0
'412',201,65600,4,'',0,6000,4,'',0,2500,4,'',0,6000,4,'',0,1900,4,'',0,1800,4,'',0,1400,4,'',0,6000,4,'',0,2500,4,'',0,2000,4,'',0,6000,4,'',0,2000,4,'',0,2000,4,'',0,6000,4,'',0,4000,4,'',0,8100,4,'',0,8000,4,'',0,4000,4,'',0,8100,4,'',0,1900,4,'',0,6000,4,'',0,1800,4,'',0,2200,4,'',0,5800,4,'',0,1500,4,'',0,1900,4,'',0,6100,4,'',0,1900,4,'',0,2000,4,'',0,5900,4,'',0,3200,4,'',0,8000,4,'',0,3000,4,'',0,7900,4,'',0,10000,4,'',0,10000,4,'',0
'400',401,83000,,'',0,10000,,'',0,10000,,'',0,10000,,'',0,10000,,'',0,10000,,'',0,10000,,'',0,10000,,'',0,10000,,'',0,10000,,'',0,10500,,'',0
'401',401,84800,,'',0,20000,,'',0,10000,,'',0,10000,,'',0,10000,,'',0,10000,,'',0,10000,,'',0,10500,,'',0
'402',401,73200,,'',0,8200,,'',0,10900,,'',0,10000,,'',0,10700,,'',0,10800,,'',0,10400,,'',0,10300,,'',0,8000,,'',0,2500,,'',0,7000,,'',0,3000,,'',0,7000,,'',0,8000,,'',0,10000,,'',0
'403',401,73200,,'',0,8200,,'',0,10900,,'',0,10000,,'',0,10700,,'',0,10800,,'',0,10400,,'',0,10300,,'',0,8000,,'',0,2500,,'',0,7000,,'',0,3000,,'',0,7000,,'',0,8000,,'',0,10000,,'',0
'404',401,73200,,'',0,8200,,'',0,10900,,'',0,10000,,'',0,10700,,'',0,10800,,'',0,10400,,'',0,10300,,'',0,8000,,'',0,2500,,'',0,7000,,'',0,3000,,'',0,7000,,'',0,8000,,'',0,10000,,'',0
'405',401,73200,,'',0,8200,,'',0,10900,,'',0,10000,,'',0,10700,,'',0,10800,,'',0,10400,,'',0,10300,,'',0,8000,,'',0,2500,,'',0,7000,,'',0,3000,,'',0,7000,,'',0,8000,,'',0,10000,,'',0
'406',401,73200,,'',0,8200,,'',0,10900,,'',0,10000,,'',0,10700,,'',0,10800,,'',0,10400,,'',0,10300,,'',0,8000,,'',0,2500,,'',0,7000,,'',0,3000,,'',0,7000,,'',0,8000,,'',0,10000,,'',0
'407',401,81500,,'',0,10000,,'',0,10500,,'',0,11000,,'',0,10800,,'',0,10700,,'',0,10500,,'',0,7000,,'',0,11000,,'',0,10000,,'',0,10500,,'',0
'408',401,73200,,'',0,8200,,'',0,600,0,'Isfeld S',0,10300,,'',0,10000,,'',0,10700,,'',0,10800,,'',0,10400,,'',0,10300,,'',0,8000,,'',0,2500,,'',0,7000,,'',0,3000,,'',0,7000,,'',0,8000,,'',0,10000,,'',0
'409',401,73200,,'',0,8200,,'',0,600,0,'Isfeld S',0,10300,,'',0,10000,,'',0,10700,,'',0,10800,,'',0,10400,,'',0,10300,,'',0,8000,,'',0,2500,,'',0,7000,,'',0,3000,,'',0,7000,,'',0,8000,,'',0,10000,,'',0
'410',401,73200,,'',0,8200,,'',0,600,0,'Isfeld S',0,10300,,'',0,10000,,'',0,10700,,'',0,10800,,'',0,10400,,'',0,10300,,'',0,8000,,'',0,2500,,'',0,7000,,'',0,3000,,'',0,7000,,'',0,8000,,'',0,10000,,'',0
'411',401,73200,,'',0,8200,,'',0,600,0,'Isfeld S',0,10300,,'',0,10000,,'',0,10700,,'',0,10800,,'',0,10400,,'',0,10300,,'',0,8000,,'',0,2500,,'',0,7000,,'',0,3000,,'',0,7000,,'',0,8000,,'',0,10000,,'',0
'412',401,73200,,'',0,8200,,'',0,600,0,'Isfeld S',0,10300,,'',0,10000,,'',0,10700,,'',0,10800,,'',0,10400,,'',0,10300,,'',0,8000,,'',0,2500,,'',0,7000,,'',0,3000,,'',0,7000,,'',0,8000,,'',0,10000,,'',0
'400',501,92700,4,'',0,10000,4,'',0,10000,4,'',0,10000,4,'',0,10000,4,'',0,10000,4,'',0,10000,4,'',0,10000,4,'',0,9900,4,'',0,10900,4,'',0
'401',501,134700,4,'',0,20000,4,'',0,37900,4,'',0
'402',501,90700,4,'',0,10900,4,'',0,10500,4,'',0,11000,4,'',0,10900,4,'',0,9900,4,'',0,17800,4,'',0,10500,4,'',0,13000,4,'',0
'403',501,90700,4,'',0,10900,4,'',0,10500,4,'',0,11000,4,'',0,10900,4,'',0,9900,4,'',0,17800,4,'',0,10500,4,'',0,13000,4,'',0
'404',501,90700,4,'',0,10900,4,'',0,10500,4,'',0,11000,4,'',0,10900,4,'',0,9900,4,'',0,17800,4,'',0,10500,4,'',0,13000,4,'',0
'405',501,90700,4,'',0,10900,4,'',0,10500,4,'',0,11000,4,'',0,10900,4,'',0,9900,4,'',0,17800,4,'',0,10500,4,'',0,13000,4,'',0
'406',501,90700,4,'',0,10900,4,'',0,10500,4,'',0,11000,4,'',0,10900,4,'',0,9900,4,'',0,17800,4,'',0,10500,4,'',0,13000,4,'',0
'407',501,91200,4,'',0,10200,4,'',0,10800,4,'',0,10800,4,'',0,10600,4,'',0,11000,4,'',0,18000,4,'',0,9800,4,'',0,11100,4,'',0
'408',501,81400,4,'',0,9300,4,'',0,10900,4,'',0,10500,4,'',0,11000,4,'',0,10900,4,'',0,9900,4,'',0,17800,4,'',0,10500,4,'',0,13000,4,'',0
'409',501,81400,4,'',0,9300,4,'',0,10900,4,'',0,10500,4,'',0,11000,4,'',0,10900,4,'',0,9900,4,'',0,17800,4,'',0,10500,4,'',0,13000,4,'',0
'410',501,81400,4,'',0,9300,4,'',0,10900,4,'',0,10500,4,'',0,11000,4,'',0,10900,4,'',0,9900,4,'',0,17800,4,'',0,10500,4,'',0,13000,4,'',0
'411',501,81400,4,'',0,9300,4,'',0,10900,4,'',0,10500,4,'',0,11000,4,'',0,10900,4,'',0,9900,4,'',0,17800,4,'',0,10500,4,'',0,13000,4,'',0
'412',501,81400,4,'',0,9300,4,'',0,10900,4,'',0,10500,4,'',0,11000,4,'',0,10900,4,'',0,9900,4,'',0,17800,4,'',0,10500,4,'',0,13000,4,'',0
'400',24001,85700,4,'',0,7000,4,'',0,3000,4,'',0,6000,4,'',0,4000,4,'',0,6000,4,'',0,4000,4,'',0,6000,4,'',0,4000,4,'',0,6000,4,'',0,4000,4,'',0,6000,4,'',0,4000,4,'',0,6000,4,'',0,4000,4,'',0,15000,4,'',0
'404',52800,93700,4,'',0,8000,4,'',0,4000,4,'',0,28000,4,'',0,8000,4,'',0,4000,4,'',0
'404',52801,90000,,'',0,4000,,'',0,8000,,'',0,28000,,'',0,4000,,'',0,8000,,'',0
'406',52800,93700,4,'',0,8000,4,'',0,4000,4,'',0,28000,4,'',0,8000,4,'',0,4000,4,'',0
'406',52801,90000,,'',0,4000,,'',0,8000,,'',0,28000,,'',0,4000,,'',0,8000,,'',0
'409',52800,93700,4,'',0,8000,4,'',0,4000,4,'',0,28000,4,'',0,8000,4,'',0,4000,4,'',0
'409',52801,90000,,'',0,4000,,'',0,8000,,'',0,28000,,'',0,4000,,'',0,8000,,'',0
'411',52800,93700,4,'',0,8000,4,'',0,4000,4,'',0,28000,4,'',0,8000,4,'',0,4000,4,'',0
'411',52801,90000,,'',0,4000,,'',0,8000,,'',0,28000,,'',0,4000,,'',0,8000,,'',0
