29101,4969,1,0
29101,4970,2,0
29101,4957,3,0
29101,4971,4,0
29101,5139,5,0
29101,4972,6,0
29101,4973,7,0
29101,4955,8,0
29101,4974,9,0
29101,4975,10,0
29101,4976,11,0
29101,4977,12,0
29101,4946,13,0
29101,5042,14,0
29101,4986,15,0
29101,4987,16,0
29101,4988,17,0
29101,5113,18,0
29101,5114,19,0
29101,4990,20,0
29101,4991,21,0
29101,5035,22,0
29101,4992,23,0
29101,4993,24,0
29101,4994,25,0
29101,4995,26,0
29101,4996,27,0
29101,4948,28,0
29101,5011,29,0
29101,5012,30,0
29101,5013,31,0
29101,4947,32,0
29101,5119,33,1
29102,4997,1,0
29102,4998,2,0
29102,4999,3,0
29102,5000,4,0
29102,5029,5,0
29102,5030,6,0
29102,5031,7,0
29102,5032,8,0
29102,5033,9,0
29102,5145,10,0
29102,5034,11,0
29102,5036,12,0
29102,5037,13,0
29102,5115,14,0
29102,5038,15,0
29102,5142,16,0
29102,4927,17,0
29102,5039,18,0
29102,5040,19,0
29102,5041,20,0
29102,5121,21,0
29102,5119,22,0
29102,4964,23,0
29102,5120,24,0
29102,4965,25,0
29102,5111,26,0
29102,5136,27,0
29102,4966,28,0
29102,4967,29,0
29102,4968,30,0
29102,5138,31,0
29102,5140,32,0
29102,4969,33,1
29203,4980,1,0
29203,4981,2,0
29203,4982,3,0
29203,4983,4,0
29203,5127,5,0
29203,5126,6,0
29203,4984,7,0
29203,5128,8,0
29203,4985,9,0
29203,5140,10,0
29203,4969,11,0
29203,4971,12,0
29203,5139,13,0
29203,4972,14,1
29204,4969,1,0
29204,4970,2,0
29204,4957,3,0
29204,5133,4,0
29204,5129,5,0
29204,5130,6,0
29204,5131,7,0
29204,4979,8,0
29204,4980,9,1
29301,4947,1,0
29301,4953,2,0
29301,4954,3,0
29301,5014,4,0
29301,5015,5,0
29301,5016,6,0
29301,5017,7,0
29301,5018,8,0
29301,5019,9,0
29301,5020,10,0
29301,5021,11,0
29301,5022,12,0
29301,5023,13,0
29301,5024,14,0
29301,5025,15,0
29301,5026,16,0
29301,5027,17,0
29301,5028,18,0
29301,5029,19,0
29301,4948,20,0
29301,5001,21,0
29301,5002,22,0
29301,5003,23,0
29301,5004,24,0
29301,5005,25,0
29301,4949,26,0
29301,4950,27,0
29301,4951,28,0
29301,4952,29,0
29301,4997,30,0
29301,5388,31,0
29301,5032,32,0
29301,5033,33,0
29301,5145,34,0
29301,5034,35,0
29301,5036,36,0
29301,5037,37,0
29301,5361,38,1
29401,4972,1,0
29401,5104,2,0
29401,5009,3,0
29401,4920,4,0
29401,4919,5,0
29401,4960,6,0
29401,5010,7,0
29401,5013,8,0
29401,4947,9,1
29402,4997,1,0
29402,4998,2,0
29402,5006,3,0
29402,5007,4,0
29402,4932,5,0
29402,4921,6,0
29402,5008,7,0
29402,5125,8,0
29402,4972,9,1
29503,5119,1,0
29503,5042,2,0
29503,4986,3,0
29503,4972,4,0
29503,5104,5,0
29503,5009,6,0
29503,4925,7,0
29503,4943,8,1
29504,4943,1,0
29504,5041,2,0
29504,5121,3,0
29504,5119,4,1
29600,5119,1,0
29600,5042,2,0
29600,4986,3,0
29600,4987,4,0
29600,4988,5,0
29600,5045,6,0
29600,5102,7,0
29600,5110,8,0
29600,5101,9,0
29600,5046,10,0
29600,5047,11,0
29600,5048,12,0
29600,5049,13,0
29600,5050,14,0
29600,5117,15,0
29600,5144,16,0
29600,5116,17,0
29600,5142,18,0
29600,4989,19,1
29601,4989,1,0
29601,5113,2,0
29601,4924,3,0
29601,5051,4,0
29601,5052,5,0
29601,5053,6,0
29601,5054,7,0
29601,5055,8,0
29601,5106,9,0
29601,5056,10,0
29601,5057,11,0
29601,5039,12,0
29601,5040,13,0
29601,5041,14,0
29601,5121,15,0
29601,5119,16,1
29701,5119,1,0
29701,5058,2,0
29701,5059,3,0
29701,5060,4,0
29701,5061,5,0
29701,5062,6,0
29701,5103,7,0
29701,5107,8,0
29701,5063,9,0
29701,5108,10,0
29701,5123,11,0
29701,5064,12,0
29701,5065,13,0
29701,5066,14,0
29701,5105,15,0
29701,5067,16,0
29701,5109,17,0
29701,5068,18,0
29701,5069,19,0
29701,5070,20,0
29701,5071,21,0
29701,5074,22,0
29701,5138,23,0
29701,4972,24,0
29701,5137,25,0
29701,5092,26,0
29701,4977,27,1
29803,4969,1,0
29803,4970,2,0
29803,4957,3,0
29803,4971,4,0
29803,5139,5,0
29803,4972,6,0
29803,5083,7,0
29803,5072,8,0
29803,5084,9,0
29803,5085,10,0
29803,5086,11,0
29803,5087,12,0
29803,5088,13,0
29803,5089,14,0
29803,5090,15,0
29803,5077,16,0
29803,5091,17,0
29803,5135,18,0
29803,5092,19,0
29803,4977,20,0
29803,5119,21,1
29804,5119,1,0
29804,5058,2,0
29804,5075,3,0
29804,5076,4,0
29804,5137,5,0
29804,5059,6,0
29804,5060,7,0
29804,5064,8,0
29804,5065,9,0
29804,5066,10,0
29804,5078,11,0
29804,5079,12,0
29804,5080,13,0
29804,5081,14,0
29804,5082,15,0
29804,5068,16,0
29804,5069,17,0
29804,5070,18,0
29804,5071,19,0
29804,5073,20,0
29804,5074,21,0
29804,5138,22,0
29804,5140,23,0
29804,4969,24,1
29903,5095,1,0
29903,4914,2,0
29903,4929,3,0
29903,4913,4,0
29903,4930,5,0
29903,4939,6,0
29903,4931,7,0
29903,4912,8,0
29903,5118,9,0
29903,4918,10,0
29903,5141,11,0
29903,4972,12,0
29903,5104,13,0
29903,5009,14,0
29903,5044,15,0
29903,4945,16,0
29903,5119,17,0
29903,4969,18,1
29904,5119,1,0
29904,4944,2,0
29904,5043,3,0
29904,5122,4,0
29904,5008,5,0
29904,5125,6,0
29904,4972,7,0
29904,5138,8,0
29904,4969,9,0
29904,4970,10,0
29904,4957,11,0
29904,4956,12,0
29904,5140,13,0
29904,4941,14,0
29904,4917,15,0
29904,4916,16,0
29904,4915,17,0
29904,4940,18,0
29904,5093,19,0
29904,4928,20,0
29904,5094,21,0
29904,5095,22,1
30001,5119,1,0
30001,5042,2,0
30001,4986,3,0
30001,4987,4,0
30001,4988,5,0
30001,5113,6,0
30001,5096,7,0
30001,5143,8,0
30001,4933,9,0
30001,5097,10,0
30001,5098,11,0
30001,5099,12,0
30001,5100,13,1
30002,5100,1,0
30002,5153,2,0
30002,4942,3,0
30002,5112,4,0
30002,5142,5,0
30002,4927,6,0
30002,5039,7,0
30002,5040,8,0
30002,5041,9,0
30002,5121,10,0
30002,5119,11,1
30103,5119,1,0
30103,5042,2,0
30103,4986,3,0
30103,4925,4,0
30103,5124,5,0
30103,4961,6,0
30103,5152,7,0
30103,5147,8,0
30103,4958,9,0
30103,4963,10,0
30103,5149,11,0
30103,5150,12,0
30103,4935,13,0
30103,5151,14,1
30104,5151,1,0
30104,5134,2,0
30104,4910,3,0
30104,4936,4,0
30104,4911,5,0
30104,4959,6,0
30104,5148,7,0
30104,5146,8,0
30104,4962,9,0
30104,4923,10,0
30104,4926,11,0
30104,5142,12,0
30104,4989,13,0
30104,4927,14,0
30104,5039,15,0
30104,5040,16,0
30104,4943,17,0
30104,5041,18,0
30104,5121,19,0
30104,5119,20,1
30200,5119,1,0
30200,5042,2,0
30200,4986,3,0
30200,4987,4,0
30200,4988,5,0
30200,4989,6,0
30200,5113,7,0
30200,5096,8,0
30200,5143,9,0
30200,4933,10,0
30200,4934,11,0
30200,4937,12,0
30200,5147,13,0
30200,4938,14,1
30201,4938,1,0
30201,4943,2,0
30201,5041,3,0
30201,5121,4,0
30201,5119,5,1
30303,4913,1,0
30303,4930,2,0
30303,4939,3,0
30303,4931,4,0
30303,4912,5,0
30303,5118,6,0
30303,4918,7,0
30303,4969,8,0
30303,4970,9,0
30303,4957,10,0
30303,4971,11,0
30303,5139,12,0
30303,4972,13,0
30303,4973,14,0
30303,4955,15,0
30303,4974,16,0
30303,4975,17,0
30303,4976,18,0
30303,4977,19,0
30303,5119,20,1
30304,5119,1,0
30304,5120,2,0
30304,4965,3,0
30304,5111,4,0
30304,5136,5,0
30304,4966,6,0
30304,4967,7,0
30304,4968,8,0
30304,5138,9,0
30304,4972,10,0
30304,5140,11,0
30304,4917,12,0
30304,4916,13,0
30304,4915,14,0
30304,4940,15,0
30304,5093,16,1
30402,4972,1,0
30402,5140,2,0
30402,4969,3,0
30402,4970,4,0
30402,4957,5,0
30402,4917,6,0
30402,4916,7,0
30402,4912,8,0
30402,5132,9,0
30402,4978,10,0
30402,4979,11,0
30402,4980,12,1
30500,5119,1,0
30500,5042,2,0
30500,4986,3,0
30500,4987,4,0
30500,4988,5,0
30500,5096,6,0
30500,5391,7,0
30500,5166,8,0
30500,5098,9,0
30500,5099,10,0
30500,5388,11,0
30500,5032,12,0
30500,5033,13,0
30500,5145,14,0
30500,5034,15,0
30500,5036,16,0
30500,5037,17,0
30500,5361,18,0
30500,5115,19,0
30500,5038,20,0
30500,4924,21,0
30500,5051,22,0
30500,5052,23,0
30500,5053,24,0
30500,5054,25,0
30500,5055,26,0
30500,5106,27,0
30500,5056,28,0
30500,5057,29,0
30500,5045,30,0
30500,5102,31,0
30500,5110,32,0
30500,5101,33,0
30500,5046,34,0
30500,5047,35,0
30500,5048,36,0
30500,5049,37,0
30500,5050,38,0
30500,5117,39,0
30500,5124,40,0
30500,5041,41,0
30500,5121,42,1
30501,5124,1,0
30501,5051,2,0
30501,5361,3,0
30501,4991,4,0
30501,5035,5,0
30501,4992,6,0
30501,4993,7,0
30501,4994,8,0
30501,5389,9,0
30501,4922,10,0
30501,5112,11,0
30501,5142,12,0
30501,4989,13,0
30501,5039,14,0
30501,5040,15,0
30501,5041,16,1
