'402',600,81800,4,'',0,3000,4,'',0,67500,4,'',0,10400,4,'',0
'402',601,81800,0,'Vanier',0,3000,0,'Vanier',0,67700,0,'Vanier',0,10200,0,'Vanier',0
'403',600,81800,4,'',0,3000,4,'',0,67500,4,'',0,10400,4,'',0
'403',601,81800,0,'Vanier',0,3000,0,'Vanier',0,67700,0,'Vanier',0,10200,0,'Vanier',0
'404',600,81800,4,'',0,3000,4,'',0,67500,4,'',0,10400,4,'',0
'404',601,81800,0,'Vanier',0,3000,0,'Vanier',0,67700,0,'Vanier',0,10200,0,'Vanier',0
'405',600,81800,4,'',0,3000,4,'',0,67500,4,'',0,10400,4,'',0
'405',601,81800,0,'Vanier',0,3000,0,'Vanier',0,67700,0,'Vanier',0,10200,0,'Vanier',0
'406',600,81800,4,'',0,3000,4,'',0,67500,4,'',0,10400,4,'',0
'406',601,81800,0,'Vanier',0,3000,0,'Vanier',0,67700,0,'Vanier',0,10200,0,'Vanier',0
'407',600,152500,4,'',0
'407',601,152500,0,'Vanier',0
'408',600,81800,4,'',0,3000,4,'',0,67500,4,'',0,10400,4,'',0
'408',601,81800,0,'Vanier',0,3000,0,'Vanier',0,67500,0,'Vanier',0,200,0,'Vanier',0,10200,0,'Vanier',0
'409',600,81800,4,'',0,3000,4,'',0,67500,4,'',0,10400,4,'',0
'409',601,81800,0,'Vanier',0,3000,0,'Vanier',0,67500,0,'Vanier',0,200,0,'Vanier',0,10200,0,'Vanier',0
'410',600,81800,4,'',0,3000,4,'',0,67500,4,'',0,10400,4,'',0
'410',601,81800,0,'Vanier',0,3000,0,'Vanier',0,67500,0,'Vanier',0,200,0,'Vanier',0,10200,0,'Vanier',0
'411',600,81800,4,'',0,3000,4,'',0,67500,4,'',0,10400,4,'',0
'411',601,81800,0,'Vanier',0,3000,0,'Vanier',0,67500,0,'Vanier',0,200,0,'Vanier',0,10200,0,'Vanier',0
'412',600,81800,4,'',0,3000,4,'',0,67500,4,'',0,10400,4,'',0
'412',601,81800,0,'Vanier',0,3000,0,'Vanier',0,67500,0,'Vanier',0,200,0,'Vanier',0,10200,0,'Vanier',0
'400',1201,84900,,'',0,78500,,'',0,21700,,'',0
'407',1201,125100,,'',0,60000,,'',0
'403',1301,102100,,'',0,21400,,'',0,48600,,'',0
'405',1301,102100,,'',0,21400,,'',0,48600,,'',0
'408',1301,102100,,'',0,21400,,'',0,48600,,'',0
'410',1301,102100,,'',0,21400,,'',0,48600,,'',0
'408',1600,85400,0,'VMP Connector',0
'409',1600,85400,0,'VMP Connector',0
'410',1600,85400,0,'VMP Connector',0
'411',1600,85400,0,'VMP Connector',0
'412',1600,85400,0,'VMP Connector',0
