'402',801,70100,0,'Arden',0,5000,,'',0,15500,0,'Arden',0,11400,0,'Arden',0,10000,0,'Arden',0,10000,0,'Arden',0,20100,0,'Arden',0,11900,,'',0,8200,,'',0,18700,0,'Arden',0,23200,0,'Arden',0
'403',801,70100,0,'Arden',0,5000,,'',0,15500,0,'Arden',0,11400,0,'Arden',0,10000,0,'Arden',0,10000,0,'Arden',0,20100,0,'Arden',0,11900,,'',0,8200,,'',0,18700,0,'Arden',0,23200,0,'Arden',0
'404',801,70100,0,'Arden',0,5000,,'',0,15500,0,'Arden',0,11400,0,'Arden',0,10000,0,'Arden',0,10000,0,'Arden',0,20100,0,'Arden',0,11900,,'',0,8200,,'',0,18700,0,'Arden',0,23200,0,'Arden',0
'405',801,70100,0,'Arden',0,5000,,'',0,15500,0,'Arden',0,11400,0,'Arden',0,10000,0,'Arden',0,10000,0,'Arden',0,20100,0,'Arden',0,11900,,'',0,8200,,'',0,18700,0,'Arden',0,23200,0,'Arden',0
'406',801,70100,0,'Arden',0,5000,,'',0,15500,0,'Arden',0,11400,0,'Arden',0,10000,0,'Arden',0,10000,0,'Arden',0,20100,0,'Arden',0,11900,,'',0,8200,,'',0,18700,0,'Arden',0,23200,0,'Arden',0
'407',801,85200,,'',0,24900,0,'Arden',0,21000,0,'Arden',0,24300,,'',0,15200,0,'Arden',0,33000,0,'Arden',0
'408',801,70100,0,'Arden',0,5000,,'',0,15500,0,'Arden',0,11400,0,'Arden',0,10000,0,'Arden',0,10000,0,'Arden',0,20100,0,'Arden',0,11900,,'',0,8200,,'',0,18700,0,'Arden',0,23200,0,'Arden',0
'409',801,70100,0,'Arden',0,5000,,'',0,15500,0,'Arden',0,11400,0,'Arden',0,10000,0,'Arden',0,10000,0,'Arden',0,20100,0,'Arden',0,11900,,'',0,8200,,'',0,18700,0,'Arden',0,23200,0,'Arden',0
'410',801,70100,0,'Arden',0,5000,,'',0,15500,0,'Arden',0,11400,0,'Arden',0,10000,0,'Arden',0,10000,0,'Arden',0,20100,0,'Arden',0,11900,,'',0,8200,,'',0,18700,0,'Arden',0,23200,0,'Arden',0
'411',801,70100,0,'Arden',0,5000,,'',0,15500,0,'Arden',0,11400,0,'Arden',0,10000,0,'Arden',0,10000,0,'Arden',0,20100,0,'Arden',0,11900,,'',0,8200,,'',0,18700,0,'Arden',0,23200,0,'Arden',0
'412',801,70100,0,'Arden',0,5000,,'',0,15500,0,'Arden',0,11400,0,'Arden',0,10000,0,'Arden',0,10000,0,'Arden',0,20100,0,'Arden',0,11900,,'',0,8200,,'',0,18700,0,'Arden',0,23200,0,'Arden',0
