'2046',100,80900,4,'',0,9400,4,'',0,3600,4,'',0,7500,4,'',0,3500,4,'',0,7500,4,'',0,3500,4,'',0,7600,4,'',0,7100,4,'',0,3600,4,'',0,7500,4,'',0,3000,4,'',0,7000,4,'',0,3500,4,'',0,7400,4,'',0,3000,4,'',0,7000,4,'',0,8000,4,'',0,2300,4,'',0,2800,4,'',0,7000,4,'',0,7500,4,'',0,3400,4,'',0,10000,4,'',0,10000,4,'',0,12000,4,'',0
'2048',100,65600,4,'',0,6000,4,'',0,2500,4,'',0,6000,4,'',0,1900,4,'',0,1800,4,'',0,1400,4,'',0,6000,4,'',0,2500,4,'',0,2000,4,'',0,6000,4,'',0,2000,4,'',0,2000,4,'',0,6000,4,'',0,4000,4,'',0,8100,4,'',0,8000,4,'',0,4000,4,'',0,8100,4,'',0,7900,4,'',0,1800,4,'',0,2200,4,'',0,7300,4,'',0,1900,4,'',0,6100,4,'',0,1900,4,'',0,2000,4,'',0,9100,4,'',0,11000,4,'',0
'2049',100,145800,4,'',0,15800,4,'',0,19300,4,'',0,11200,4,'',0,10900,4,'',0,10000,4,'',0,10000,4,'',0
'2058',100,145800,4,'',0,15800,4,'',0,19300,4,'',0,11200,4,'',0,10900,4,'',0,10000,4,'',0,10000,4,'',0,12500,4,'',0
'2064',100,95400,4,'',0,8500,4,'',0,10000,4,'',0,10000,4,'',0,10600,4,'',0,10000,4,'',0,10500,4,'',0,9900,4,'',0,9800,4,'',0,10000,4,'',0,10400,4,'',0
'2046',301,81500,,'',0,10000,,'',0,10500,,'',0,11000,,'',0,10800,,'',0,10700,,'',0,10500,,'',0,7000,,'',0,11000,,'',0,10000,,'',0,10500,,'',0
'2048',301,73200,,'',0,8200,,'',0,600,0,'Isfeld S',0,10300,,'',0,10000,,'',0,10700,,'',0,10800,,'',0,10400,,'',0,10300,,'',0,8000,,'',0,2500,,'',0,10000,,'',0,7000,,'',0,8000,,'',0,10000,,'',0
'2049',301,162000,,'',0
'2058',301,162000,,'',0
'2064',301,84800,,'',0,20000,,'',0,10000,,'',0,10000,,'',0,10000,,'',0,10000,,'',0,10000,,'',0,10500,,'',0
'2046',400,91200,4,'',0,10200,4,'',0,10800,4,'',0,10800,4,'',0,10600,4,'',0,11000,4,'',0,18000,4,'',0,9800,4,'',0,11100,4,'',0
'2048',400,81400,4,'',0,9300,4,'',0,10900,4,'',0,10500,4,'',0,11000,4,'',0,10900,4,'',0,9900,4,'',0,17800,4,'',0,23500,4,'',0
'2049',400,172200,4,'',0
'2058',400,172200,4,'',0
'2064',400,134700,4,'',0,20000,4,'',0,37900,4,'',0
'2290',1500,93700,4,'',0,8000,4,'',0,4000,4,'',0,28000,4,'',0,8000,4,'',0,4000,4,'',0
'2290',1501,90000,,'',0,4000,,'',0,8000,,'',0,28000,,'',0,4000,,'',0,8000,,'',0
