'421',201,172400,4,'',0,7800,4,'',0,2500,4,'',0,3000,4,'',0,8400,4,'',0,6400,4,'',0,3000,4,'',0,10000,4,'',0,10000,4,'',0,12000,4,'',0
'422',201,95400,4,'',0,8500,4,'',0,10000,4,'',0,10000,4,'',0,10600,4,'',0,10000,4,'',0,10500,4,'',0,9900,4,'',0,9800,4,'',0,10000,4,'',0,10400,4,'',0
'423',201,65600,4,'',0,6000,4,'',0,2500,4,'',0,6000,4,'',0,1900,4,'',0,1800,4,'',0,1400,4,'',0,6000,4,'',0,2500,4,'',0,2000,4,'',0,6000,4,'',0,2000,4,'',0,2000,4,'',0,6000,4,'',0,4000,4,'',0,8100,4,'',0,8000,4,'',0,4000,4,'',0,8100,4,'',0,1900,4,'',0,6000,4,'',0,4000,4,'',0,5800,4,'',0,1500,4,'',0,1900,4,'',0,6100,4,'',0,1900,4,'',0,2000,4,'',0,5900,4,'',0,3200,4,'',0,8000,4,'',0,3000,4,'',0,7900,4,'',0,10000,4,'',0,10000,4,'',0
'424',201,65600,4,'',0,6000,4,'',0,2500,4,'',0,6000,4,'',0,1900,4,'',0,1800,4,'',0,1400,4,'',0,6000,4,'',0,2500,4,'',0,2000,4,'',0,6000,4,'',0,2000,4,'',0,2000,4,'',0,6000,4,'',0,4000,4,'',0,8100,4,'',0,8000,4,'',0,4000,4,'',0,8100,4,'',0,1900,4,'',0,6000,4,'',0,4000,4,'',0,5800,4,'',0,1500,4,'',0,1900,4,'',0,6100,4,'',0,1900,4,'',0,2000,4,'',0,5900,4,'',0,3200,4,'',0,8000,4,'',0,3000,4,'',0,7900,4,'',0,10000,4,'',0,10000,4,'',0
'425',201,65600,4,'',0,6000,4,'',0,2500,4,'',0,6000,4,'',0,1900,4,'',0,1800,4,'',0,1400,4,'',0,6000,4,'',0,2500,4,'',0,2000,4,'',0,6000,4,'',0,2000,4,'',0,2000,4,'',0,6000,4,'',0,4000,4,'',0,8100,4,'',0,8000,4,'',0,4000,4,'',0,8100,4,'',0,1900,4,'',0,6000,4,'',0,4000,4,'',0,5800,4,'',0,1500,4,'',0,1900,4,'',0,6100,4,'',0,1900,4,'',0,2000,4,'',0,5900,4,'',0,3200,4,'',0,8000,4,'',0,3000,4,'',0,7900,4,'',0,10000,4,'',0,10000,4,'',0
'426',201,65600,4,'',0,6000,4,'',0,2500,4,'',0,6000,4,'',0,1900,4,'',0,1800,4,'',0,1400,4,'',0,6000,4,'',0,2500,4,'',0,2000,4,'',0,6000,4,'',0,2000,4,'',0,2000,4,'',0,6000,4,'',0,4000,4,'',0,8100,4,'',0,8000,4,'',0,4000,4,'',0,8100,4,'',0,1900,4,'',0,6000,4,'',0,4000,4,'',0,5800,4,'',0,1500,4,'',0,1900,4,'',0,6100,4,'',0,1900,4,'',0,2000,4,'',0,5900,4,'',0,3200,4,'',0,8000,4,'',0,3000,4,'',0,7900,4,'',0,10000,4,'',0,10000,4,'',0
'427',201,65600,4,'',0,6000,4,'',0,2500,4,'',0,6000,4,'',0,1900,4,'',0,1800,4,'',0,1400,4,'',0,6000,4,'',0,2500,4,'',0,2000,4,'',0,6000,4,'',0,2000,4,'',0,2000,4,'',0,6000,4,'',0,4000,4,'',0,8100,4,'',0,8000,4,'',0,4000,4,'',0,8100,4,'',0,1900,4,'',0,6000,4,'',0,4000,4,'',0,5800,4,'',0,1500,4,'',0,1900,4,'',0,6100,4,'',0,1900,4,'',0,2000,4,'',0,5900,4,'',0,3200,4,'',0,8000,4,'',0,3000,4,'',0,7900,4,'',0,10000,4,'',0,10000,4,'',0,12500,4,'',0
'428',201,80900,4,'',0,9400,4,'',0,3600,4,'',0,7500,4,'',0,3500,4,'',0,7500,4,'',0,3500,4,'',0,7600,4,'',0,7100,4,'',0,3600,4,'',0,7500,4,'',0,3000,4,'',0,7000,4,'',0,3500,4,'',0,7400,4,'',0,3000,4,'',0,7000,4,'',0,8000,4,'',0,2300,4,'',0,2800,4,'',0,7000,4,'',0,7500,4,'',0,3400,4,'',0,10000,4,'',0,10000,4,'',0,12000,4,'',0
'421',401,83000,,'',0,10000,,'',0,10000,,'',0,10000,,'',0,10000,,'',0,10000,,'',0,10000,,'',0,10000,,'',0,10000,,'',0,10000,,'',0,10500,,'',0
'422',401,84800,,'',0,20000,,'',0,10000,,'',0,10000,,'',0,10000,,'',0,10000,,'',0,10000,,'',0,10500,,'',0
'423',401,73200,,'',0,8200,,'',0,10900,,'',0,10000,,'',0,10700,,'',0,10800,,'',0,10400,,'',0,10300,,'',0,8000,,'',0,2500,,'',0,7000,,'',0,3000,,'',0,7000,,'',0,8000,,'',0,10000,,'',0
'424',401,73200,,'',0,8200,,'',0,10900,,'',0,10000,,'',0,10700,,'',0,10800,,'',0,10400,,'',0,10300,,'',0,8000,,'',0,2500,,'',0,7000,,'',0,3000,,'',0,7000,,'',0,8000,,'',0,10000,,'',0
'425',401,73200,,'',0,8200,,'',0,10900,,'',0,10000,,'',0,10700,,'',0,10800,,'',0,10400,,'',0,10300,,'',0,8000,,'',0,2500,,'',0,7000,,'',0,3000,,'',0,7000,,'',0,8000,,'',0,10000,,'',0
'426',401,73200,,'',0,8200,,'',0,10900,,'',0,10000,,'',0,10700,,'',0,10800,,'',0,10400,,'',0,10300,,'',0,8000,,'',0,2500,,'',0,7000,,'',0,3000,,'',0,7000,,'',0,8000,,'',0,10000,,'',0
'427',401,73200,,'',0,8200,,'',0,10900,,'',0,10000,,'',0,10700,,'',0,10800,,'',0,10400,,'',0,10300,,'',0,8000,,'',0,2500,,'',0,7000,,'',0,3000,,'',0,7000,,'',0,8000,,'',0,10000,,'',0
'428',401,81500,,'',0,10000,,'',0,10500,,'',0,11000,,'',0,10800,,'',0,10700,,'',0,10500,,'',0,7000,,'',0,11000,,'',0,10000,,'',0,10500,,'',0
'421',501,92700,4,'',0,10000,4,'',0,10000,4,'',0,10000,4,'',0,10000,4,'',0,10000,4,'',0,10000,4,'',0,10000,4,'',0,9900,4,'',0,10900,4,'',0
'422',501,134700,4,'',0,20000,4,'',0,37900,4,'',0
'423',501,90700,4,'',0,10900,4,'',0,10500,4,'',0,11000,4,'',0,10900,4,'',0,9900,4,'',0,17800,4,'',0,10500,4,'',0,13000,4,'',0
'424',501,90700,4,'',0,10900,4,'',0,10500,4,'',0,11000,4,'',0,10900,4,'',0,9900,4,'',0,17800,4,'',0,10500,4,'',0,13000,4,'',0
'425',501,90700,4,'',0,10900,4,'',0,10500,4,'',0,11000,4,'',0,10900,4,'',0,9900,4,'',0,17800,4,'',0,10500,4,'',0,13000,4,'',0
'426',501,90700,4,'',0,10900,4,'',0,10500,4,'',0,11000,4,'',0,10900,4,'',0,9900,4,'',0,17800,4,'',0,10500,4,'',0,13000,4,'',0
'427',501,90700,4,'',0,10900,4,'',0,10500,4,'',0,11000,4,'',0,10900,4,'',0,9900,4,'',0,17800,4,'',0,10500,4,'',0,13000,4,'',0
'428',501,91200,4,'',0,10200,4,'',0,10800,4,'',0,10800,4,'',0,10600,4,'',0,11000,4,'',0,18000,4,'',0,9800,4,'',0,11100,4,'',0
'421',24001,85700,4,'',0,7000,4,'',0,3000,4,'',0,6000,4,'',0,4000,4,'',0,6000,4,'',0,4000,4,'',0,6000,4,'',0,4000,4,'',0,6000,4,'',0,4000,4,'',0,6000,4,'',0,4000,4,'',0,6000,4,'',0,4000,4,'',0,15000,4,'',0
'425',52800,93700,4,'',0,8000,4,'',0,4000,4,'',0,28000,4,'',0,8000,4,'',0,4000,4,'',0
'425',52801,90000,,'',0,4000,,'',0,8000,,'',0,28000,,'',0,4000,,'',0,8000,,'',0
'427',52800,93700,4,'',0,8000,4,'',0,4000,4,'',0,28000,4,'',0,8000,4,'',0,4000,4,'',0
'427',52801,90000,,'',0,4000,,'',0,8000,,'',0,28000,,'',0,4000,,'',0,8000,,'',0
