101,31,1,0
101,32,2,0
101,33,3,0
101,34,4,0
101,35,5,0
101,36,6,0
101,37,7,0
101,38,8,0
101,39,9,0
101,40,10,0
101,41,11,0
101,42,12,0
101,43,13,0
101,44,14,0
101,45,15,0
101,46,16,0
101,47,17,0
101,48,18,0
101,49,19,0
101,50,20,0
101,51,21,0
101,52,22,0
101,53,23,0
101,54,24,0
101,55,25,0
101,56,26,0
101,57,27,0
101,58,28,0
101,59,29,0
101,60,30,0
101,61,31,0
101,62,32,0
101,64,33,1
102,1,1,0
102,2,2,0
102,3,3,0
102,4,4,0
102,63,5,0
102,5,6,0
102,6,7,0
102,7,8,0
102,8,9,0
102,9,10,0
102,10,11,0
102,11,12,0
102,12,13,0
102,13,14,0
102,14,15,0
102,15,16,0
102,16,17,0
102,17,18,0
102,18,19,0
102,19,20,0
102,20,21,0
102,64,22,0
102,21,23,0
102,22,24,0
102,23,25,0
102,24,26,0
102,25,27,0
102,26,28,0
102,27,29,0
102,28,30,0
102,29,31,0
102,30,32,0
102,31,33,1
203,65,1,0
203,66,2,0
203,67,3,0
203,68,4,0
203,69,5,0
203,70,6,0
203,71,7,0
203,72,8,0
203,73,9,0
203,30,10,0
203,31,11,1
204,31,1,0
204,32,2,0
204,33,3,0
204,74,4,0
204,75,5,0
204,76,6,0
204,77,7,0
204,78,8,0
204,65,9,1
301,62,1,0
301,97,2,0
301,98,3,0
301,99,4,0
301,100,5,0
301,101,6,0
301,102,7,0
301,103,8,0
301,104,9,0
301,79,10,0
301,80,11,0
301,81,12,0
301,82,13,0
301,83,14,0
301,84,15,0
301,85,16,0
301,86,17,0
301,87,18,0
301,63,19,0
301,58,20,0
301,88,21,0
301,89,22,0
301,90,23,0
301,91,24,0
301,92,25,0
301,93,26,0
301,94,27,0
301,95,28,0
301,96,29,0
301,1,30,1
401,36,1,0
401,105,2,0
401,106,3,0
401,107,4,0
401,108,5,0
401,109,6,0
401,110,7,0
401,61,8,0
401,62,9,1
402,1,1,0
402,2,2,0
402,111,3,0
402,112,4,0
402,113,5,0
402,114,6,0
402,115,7,0
402,116,8,0
402,36,9,1
503,64,1,0
503,44,2,0
503,45,3,0
503,36,4,0
503,105,5,0
503,106,6,0
503,117,7,0
503,118,8,1
504,118,1,0
504,19,2,0
504,20,3,0
504,64,4,1
600,64,1,0
600,44,2,0
600,45,3,0
600,46,4,0
600,47,5,0
600,119,6,0
600,120,7,0
600,121,8,0
600,122,9,0
600,123,10,0
600,124,11,0
600,125,12,0
600,126,13,0
600,127,14,0
600,128,15,0
600,129,16,0
600,130,17,0
600,15,18,0
600,131,19,1
601,131,1,0
601,48,2,0
601,132,3,0
601,133,4,0
601,134,5,0
601,135,6,0
601,136,7,0
601,137,8,0
601,138,9,0
601,139,10,0
601,140,11,0
601,17,12,0
601,18,13,0
601,19,14,0
601,20,15,0
601,64,16,1
701,64,1,0
701,141,2,0
701,142,3,0
701,143,4,0
701,144,5,0
701,145,6,0
701,146,7,0
701,147,8,0
701,148,9,0
701,149,10,0
701,150,11,0
701,151,12,0
701,152,13,0
701,155,14,0
701,156,15,0
701,157,16,0
701,158,17,0
701,159,18,0
701,160,19,0
701,161,20,0
701,162,21,0
701,163,22,0
701,29,23,0
701,36,24,0
701,153,25,0
701,154,26,0
701,42,27,1
803,31,1,0
803,32,2,0
803,33,3,0
803,34,4,0
803,35,5,0
803,36,6,0
803,164,7,0
803,165,8,0
803,166,9,0
803,167,10,0
803,168,11,0
803,169,12,0
803,170,13,0
803,171,14,0
803,172,15,0
803,173,16,0
803,174,17,0
803,175,18,0
803,154,19,0
803,42,20,0
803,64,21,1
804,64,1,0
804,141,2,0
804,176,3,0
804,177,4,0
804,153,5,0
804,142,6,0
804,143,7,0
804,151,8,0
804,152,9,0
804,155,10,0
804,178,11,0
804,179,12,0
804,180,13,0
804,181,14,0
804,182,15,0
804,159,16,0
804,160,17,0
804,161,18,0
804,162,19,0
804,183,20,0
804,163,21,0
804,29,22,0
804,30,23,0
804,31,24,1
903,192,1,0
903,193,2,0
903,194,3,0
903,195,4,0
903,196,5,0
903,197,6,0
903,198,7,0
903,199,8,0
903,200,9,0
903,201,10,0
903,202,11,0
903,36,12,0
903,105,13,0
903,106,14,0
903,203,15,0
903,204,16,0
903,64,17,0
903,31,18,1
904,64,1,0
904,205,2,0
904,206,3,0
904,207,4,0
904,115,5,0
904,116,6,0
904,36,7,0
904,29,8,0
904,31,9,0
904,32,10,0
904,33,11,0
904,184,12,0
904,30,13,0
904,208,14,0
904,185,15,0
904,186,16,0
904,187,17,0
904,188,18,0
904,189,19,0
904,190,20,0
904,191,21,0
904,192,22,1
1001,64,1,0
1001,44,2,0
1001,45,3,0
1001,46,4,0
1001,47,5,0
1001,48,6,0
1001,209,7,0
1001,210,8,0
1001,211,9,0
1001,212,10,0
1001,213,11,0
1001,214,12,0
1001,215,13,1
1002,215,1,0
1002,216,2,0
1002,217,3,0
1002,218,4,0
1002,15,5,0
1002,16,6,0
1002,17,7,0
1002,18,8,0
1002,19,9,0
1002,20,10,0
1002,64,11,1
1103,64,1,0
1103,44,2,0
1103,45,3,0
1103,117,4,0
1103,219,5,0
1103,220,6,0
1103,221,7,0
1103,222,8,0
1103,223,9,0
1103,224,10,0
1103,225,11,0
1103,226,12,0
1103,227,13,0
1103,228,14,1
1104,228,1,0
1104,229,2,0
1104,230,3,0
1104,231,4,0
1104,232,5,0
1104,233,6,0
1104,234,7,0
1104,235,8,0
1104,236,9,0
1104,237,10,0
1104,238,11,0
1104,15,12,0
1104,131,13,0
1104,16,14,0
1104,17,15,0
1104,18,16,0
1104,118,17,0
1104,19,18,0
1104,20,19,0
1104,64,20,1
1200,64,1,0
1200,44,2,0
1200,45,3,0
1200,46,4,0
1200,47,5,0
1200,131,6,0
1200,48,7,0
1200,209,8,0
1200,210,9,0
1200,211,10,0
1200,239,11,0
1200,240,12,0
1200,222,13,0
1200,241,14,1
1201,241,1,0
1201,118,2,0
1201,19,3,0
1201,20,4,0
1201,64,5,1
1303,195,1,0
1303,196,2,0
1303,197,3,0
1303,198,4,0
1303,199,5,0
1303,200,6,0
1303,201,7,0
1303,31,8,0
1303,32,9,0
1303,33,10,0
1303,34,11,0
1303,35,12,0
1303,36,13,0
1303,37,14,0
1303,38,15,0
1303,39,16,0
1303,40,17,0
1303,41,18,0
1303,42,19,0
1303,64,20,1
1304,64,1,0
1304,22,2,0
1304,23,3,0
1304,24,4,0
1304,25,5,0
1304,26,6,0
1304,27,7,0
1304,28,8,0
1304,29,9,0
1304,36,10,0
1304,30,11,0
1304,185,12,0
1304,186,13,0
1304,187,14,0
1304,188,15,0
1304,189,16,1
1402,36,1,0
1402,30,2,0
1402,31,3,0
1402,32,4,0
1402,33,5,0
1402,185,6,0
1402,186,7,0
1402,199,8,0
1402,242,9,0
1402,243,10,0
1402,78,11,0
1402,65,12,1
1500,20,1,0
1500,64,2,1
1501,244,1,0
1501,218,2,0
1501,15,3,0
1501,131,4,0
1501,17,5,0
1501,18,6,0
1501,19,7,1
