'393',200,62600,4,'',0,2000,4,'',0,6500,4,'',0,2000,4,'',0,1700,4,'',0,1000,4,'',0,5500,4,'',0,2100,4,'',0,2300,4,'',0,6000,4,'',0,2000,4,'',0,2000,4,'',0,6100,4,'',0,2000,4,'',0,8000,4,'',0,4000,4,'',0,8100,4,'',0,8000,4,'',0,4000,4,'',0,8000,4,'',0,8000,4,'',0,2200,4,'',0,700,4,'',0,800,4,'',0,5800,4,'',0,1900,4,'',0,2000,4,'',0,5900,4,'',0,1900,4,'',0,7800,4,'',0,4000,4,'',0,7000,4,'',0,3700,4,'',0,7000,4,'',0,7500,4,'',0,10000,4,'',0
'393',201,63000,,'',0,2000,,'',0,6500,,'',0,2000,,'',0,1700,,'',0,5500,,'',0,1300,,'',0,2000,,'',0,6500,,'',0,2000,,'',0,2000,,'',0,6000,,'',0,2000,,'',0,2000,,'',0,8000,,'',0,8000,,'',0,4000,,'',0,8000,,'',0,8000,,'',0,2000,,'',0,2000,,'',0,8000,,'',0,2000,,'',0,5500,,'',0,2000,,'',0,2000,,'',0,6000,,'',0,2000,,'',0,2000,,'',0,7500,,'',0,4000,,'',0,7000,,'',0,8000,,'',0,10000,,'',0,10000,,'',0
'394',200,62600,4,'',0,2000,4,'',0,6500,4,'',0,2000,4,'',0,1700,4,'',0,1000,4,'',0,5500,4,'',0,2100,4,'',0,2300,4,'',0,6000,4,'',0,2000,4,'',0,2000,4,'',0,6100,4,'',0,2000,4,'',0,8000,4,'',0,4000,4,'',0,8100,4,'',0,8000,4,'',0,4000,4,'',0,8000,4,'',0,8000,4,'',0,2200,4,'',0,700,4,'',0,800,4,'',0,5800,4,'',0,1900,4,'',0,2000,4,'',0,5900,4,'',0,1900,4,'',0,7800,4,'',0,4000,4,'',0,7000,4,'',0,3700,4,'',0,7000,4,'',0,7500,4,'',0,10000,4,'',0,10000,4,'',0
'394',201,63000,,'',0,2000,,'',0,6500,,'',0,2000,,'',0,1700,,'',0,5500,,'',0,1300,,'',0,2000,,'',0,6500,,'',0,2000,,'',0,2000,,'',0,6000,,'',0,2000,,'',0,2000,,'',0,8000,,'',0,8000,,'',0,4000,,'',0,8000,,'',0,8000,,'',0,2000,,'',0,2000,,'',0,8000,,'',0,2000,,'',0,5500,,'',0,2000,,'',0,2000,,'',0,6000,,'',0,2000,,'',0,2000,,'',0,7500,,'',0,4000,,'',0,7000,,'',0,8000,,'',0,10000,,'',0,10000,,'',0,12500,,'',0
'395',200,75200,4,'',0,15100,4,'',0,3700,4,'',0,7500,4,'',0,3600,4,'',0,7600,4,'',0,7600,4,'',0,3000,4,'',0,7500,4,'',0,3000,4,'',0,7400,4,'',0,3500,4,'',0,7500,4,'',0,3000,4,'',0,7500,4,'',0,7500,4,'',0,3000,4,'',0,2700,4,'',0,6800,4,'',0,8000,4,'',0,2500,4,'',0,7000,4,'',0,10300,4,'',0,10000,4,'',0,10000,4,'',0
'395',201,83500,,'',0,7500,,'',0,3500,,'',0,7500,,'',0,3500,,'',0,7500,,'',0,7500,,'',0,3000,,'',0,7500,,'',0,3500,,'',0,7000,,'',0,3000,,'',0,7500,,'',0,3500,,'',0,7000,,'',0,3000,,'',0,8000,,'',0,6500,,'',0,3000,,'',0,7000,,'',0,3500,,'',0,7500,,'',0,10000,,'',0,10000,,'',0,12000,,'',0
'396',200,94500,4,'',0,9000,4,'',0,11100,4,'',0,10000,4,'',0,10100,4,'',0,9900,4,'',0,10000,4,'',0,9900,4,'',0,10300,4,'',0,7900,4,'',0,9400,4,'',0
'396',201,92500,,'',0,8500,,'',0,10000,,'',0,10000,,'',0,10500,,'',0,10000,,'',0,10500,,'',0,10000,,'',0,10000,,'',0,10000,,'',0,10500,,'',0
'397',200,62600,4,'',0,2000,4,'',0,6500,4,'',0,2000,4,'',0,1700,4,'',0,1000,4,'',0,5500,4,'',0,2100,4,'',0,2300,4,'',0,6000,4,'',0,2000,4,'',0,2000,4,'',0,6100,4,'',0,2000,4,'',0,8000,4,'',0,4000,4,'',0,8100,4,'',0,8000,4,'',0,4000,4,'',0,8000,4,'',0,8000,4,'',0,2200,4,'',0,700,4,'',0,800,4,'',0,5800,4,'',0,1900,4,'',0,2000,4,'',0,5900,4,'',0,1900,4,'',0,7800,4,'',0,4000,4,'',0,7000,4,'',0,3700,4,'',0,7000,4,'',0,7500,4,'',0,10000,4,'',0
'397',201,63000,,'',0,2000,,'',0,6500,,'',0,2000,,'',0,1700,,'',0,5500,,'',0,1300,,'',0,2000,,'',0,6500,,'',0,2000,,'',0,2000,,'',0,6000,,'',0,2000,,'',0,2000,,'',0,8000,,'',0,8000,,'',0,4000,,'',0,8000,,'',0,8000,,'',0,2000,,'',0,2000,,'',0,8000,,'',0,2000,,'',0,5500,,'',0,2000,,'',0,2000,,'',0,6000,,'',0,2000,,'',0,2000,,'',0,7500,,'',0,4000,,'',0,7000,,'',0,8000,,'',0,10000,,'',0,10000,,'',0
'398',200,62600,4,'',0,2000,4,'',0,6500,4,'',0,2000,4,'',0,1700,4,'',0,1000,4,'',0,5500,4,'',0,2100,4,'',0,2300,4,'',0,6000,4,'',0,2000,4,'',0,2000,4,'',0,6100,4,'',0,2000,4,'',0,8000,4,'',0,4000,4,'',0,8100,4,'',0,8000,4,'',0,4000,4,'',0,8000,4,'',0,8000,4,'',0,2200,4,'',0,700,4,'',0,800,4,'',0,5800,4,'',0,1900,4,'',0,2000,4,'',0,5900,4,'',0,1900,4,'',0,7800,4,'',0,4000,4,'',0,7000,4,'',0,3700,4,'',0,7000,4,'',0,7500,4,'',0,10000,4,'',0
'398',201,63000,,'',0,2000,,'',0,6500,,'',0,2000,,'',0,1700,,'',0,5500,,'',0,1300,,'',0,2000,,'',0,6500,,'',0,2000,,'',0,2000,,'',0,6000,,'',0,2000,,'',0,2000,,'',0,8000,,'',0,8000,,'',0,4000,,'',0,8000,,'',0,8000,,'',0,2000,,'',0,2000,,'',0,8000,,'',0,2000,,'',0,5500,,'',0,2000,,'',0,2000,,'',0,6000,,'',0,2000,,'',0,2000,,'',0,7500,,'',0,4000,,'',0,7000,,'',0,8000,,'',0,10000,,'',0,10000,,'',0
'399',200,62600,4,'',0,2000,4,'',0,6500,4,'',0,2000,4,'',0,1700,4,'',0,1000,4,'',0,5500,4,'',0,2100,4,'',0,2300,4,'',0,6000,4,'',0,2000,4,'',0,2000,4,'',0,6100,4,'',0,2000,4,'',0,8000,4,'',0,4000,4,'',0,8100,4,'',0,8000,4,'',0,4000,4,'',0,8000,4,'',0,8000,4,'',0,2200,4,'',0,700,4,'',0,800,4,'',0,5800,4,'',0,1900,4,'',0,2000,4,'',0,5900,4,'',0,1900,4,'',0,7800,4,'',0,4000,4,'',0,7000,4,'',0,3700,4,'',0,7000,4,'',0,7500,4,'',0,10000,4,'',0
'399',201,63000,,'',0,2000,,'',0,6500,,'',0,2000,,'',0,1700,,'',0,5500,,'',0,1300,,'',0,2000,,'',0,6500,,'',0,2000,,'',0,2000,,'',0,6000,,'',0,2000,,'',0,2000,,'',0,8000,,'',0,8000,,'',0,4000,,'',0,8000,,'',0,8000,,'',0,2000,,'',0,2000,,'',0,8000,,'',0,2000,,'',0,5500,,'',0,2000,,'',0,2000,,'',0,6000,,'',0,2000,,'',0,2000,,'',0,7500,,'',0,4000,,'',0,7000,,'',0,8000,,'',0,10000,,'',0,10000,,'',0
'393',300,64400,4,'',0,9100,4,'',0,11700,4,'',0,9500,4,'',0,11200,4,'',0,9800,4,'',0,14800,4,'',0,9900,4,'',0,10000,4,'',0,14000,4,'',0,5700,4,'',0,2400,4,'',0,3200,4,'',0,19800,4,'',0,19000,4,'',0
'393',301,61700,,'',0,8800,,'',0,2500,,'',0,9500,,'',0,9500,,'',0,41700,,'',0,29700,,'',0,9600,,'',0,19800,,'',0,19000,,'',0
'394',300,64400,4,'',0,9100,4,'',0,11700,4,'',0,9500,4,'',0,11200,4,'',0,9800,4,'',0,14800,4,'',0,9900,4,'',0,10000,4,'',0,14000,4,'',0,5700,4,'',0,2400,4,'',0,3200,4,'',0,19800,4,'',0,19000,4,'',0,18300,4,'',0
'394',301,61700,,'',0,8800,,'',0,2500,,'',0,9500,,'',0,9500,,'',0,41700,,'',0,29700,,'',0,9600,,'',0,19800,,'',0,19000,,'',0,18300,,'',0
'395',300,83200,4,'',0,10900,4,'',0,11100,4,'',0,15100,4,'',0,10400,4,'',0,10500,4,'',0,10500,4,'',0,11100,4,'',0,11300,4,'',0,11600,4,'',0,15100,4,'',0,13700,4,'',0,18300,4,'',0
'395',301,91000,,'',0,33000,,'',0,10500,,'',0,10500,,'',0,38000,,'',0,28800,,'',0,18200,,'',0
'396',300,100600,4,'',0,32000,4,'',0,20000,4,'',0,19200,4,'',0,10000,4,'',0
'396',301,93500,,'',0,71500,,'',0,10000,,'',0
'397',300,64400,4,'',0,9100,4,'',0,11700,4,'',0,9500,4,'',0,11200,4,'',0,9800,4,'',0,14800,4,'',0,9900,4,'',0,10000,4,'',0,14000,4,'',0,5700,4,'',0,2400,4,'',0,3200,4,'',0,19800,4,'',0,19000,4,'',0
'397',301,61700,,'',0,8800,,'',0,2500,,'',0,9500,,'',0,9500,,'',0,41700,,'',0,29700,,'',0,9600,,'',0,19800,,'',0,19000,,'',0
'398',300,64400,4,'',0,9100,4,'',0,11700,4,'',0,9500,4,'',0,11200,4,'',0,9800,4,'',0,14800,4,'',0,9900,4,'',0,10000,4,'',0,14000,4,'',0,5700,4,'',0,2400,4,'',0,3200,4,'',0,19800,4,'',0,19000,4,'',0
'398',301,61700,,'',0,8800,,'',0,2500,,'',0,9500,,'',0,9500,,'',0,41700,,'',0,29700,,'',0,9600,,'',0,19800,,'',0,19000,,'',0
'399',300,64400,4,'',0,9100,4,'',0,11700,4,'',0,9500,4,'',0,11200,4,'',0,9800,4,'',0,14800,4,'',0,9900,4,'',0,10000,4,'',0,14000,4,'',0,5700,4,'',0,2400,4,'',0,3200,4,'',0,19800,4,'',0,19000,4,'',0
'399',301,61700,,'',0,8800,,'',0,2500,,'',0,9500,,'',0,9500,,'',0,41700,,'',0,29700,,'',0,9600,,'',0,19800,,'',0,19000,,'',0
'393',900,62400,,'',0,11300,,'',0,11500,,'',0,9500,,'',0,10200,,'',0,10800,,'',0,15000,,'',0,10900,,'',0,8800,,'',0,10500,,'',0,9200,,'',0,12600,,'',0,12800,,'',0,19000,,'',0
'393',901,70200,4,'',0,12300,4,'',0,9500,4,'',0,10000,4,'',0,10300,4,'',0,11400,4,'',0,10000,4,'',0,9300,4,'',0,12300,4,'',0,8100,4,'',0,19300,4,'',0,10000,4,'',0,19100,4,'',0
'394',900,62400,,'',0,11300,,'',0,11500,,'',0,9500,,'',0,10200,,'',0,10800,,'',0,15000,,'',0,10900,,'',0,8800,,'',0,10500,,'',0,9200,,'',0,12600,,'',0,12800,,'',0,19000,,'',0
'394',901,70200,4,'',0,12300,4,'',0,9500,4,'',0,10000,4,'',0,10300,4,'',0,11400,4,'',0,10000,4,'',0,9300,4,'',0,12300,4,'',0,8100,4,'',0,19300,4,'',0,10000,4,'',0,19100,4,'',0
'395',900,94500,,'',0,11000,,'',0,15500,,'',0,10500,,'',0,10500,,'',0,10500,,'',0,11000,,'',0,17000,,'',0,10500,,'',0,9500,,'',0,14000,,'',0
'395',901,90800,4,'',0,11000,4,'',0,11000,4,'',0,10500,4,'',0,11000,4,'',0,10000,4,'',0,11000,4,'',0,10200,4,'',0,16800,4,'',0,10500,4,'',0,19000,4,'',0
'396',900,95000,,'',0,20000,,'',0,20500,,'',0,19500,,'',0,28000,,'',0
'396',901,110300,4,'',0,20500,4,'',0,21000,4,'',0,20000,4,'',0,19000,4,'',0
'397',900,62400,,'',0,11300,,'',0,11500,,'',0,9500,,'',0,10200,,'',0,10800,,'',0,15000,,'',0,10900,,'',0,8800,,'',0,10500,,'',0,9200,,'',0,12600,,'',0,12800,,'',0,19000,,'',0
'397',901,70200,4,'',0,12300,4,'',0,9500,4,'',0,10000,4,'',0,10300,4,'',0,11400,4,'',0,10000,4,'',0,9300,4,'',0,12300,4,'',0,8100,4,'',0,19300,4,'',0,10000,4,'',0,19100,4,'',0
'398',900,62400,,'',0,11300,,'',0,11500,,'',0,9500,,'',0,10200,,'',0,10800,,'',0,15000,,'',0,10900,,'',0,8800,,'',0,10500,,'',0,9200,,'',0,12600,,'',0,12800,,'',0,19000,,'',0
'398',901,70200,4,'',0,12300,4,'',0,9500,4,'',0,10000,4,'',0,10300,4,'',0,11400,4,'',0,10000,4,'',0,9300,4,'',0,12300,4,'',0,8100,4,'',0,19300,4,'',0,10000,4,'',0,19100,4,'',0
'399',900,62400,,'',0,11300,,'',0,11500,,'',0,9500,,'',0,10200,,'',0,10800,,'',0,15000,,'',0,10900,,'',0,8800,,'',0,10500,,'',0,9200,,'',0,12600,,'',0,12800,,'',0,19000,,'',0
'399',901,70200,4,'',0,12300,4,'',0,9500,4,'',0,10000,4,'',0,10300,4,'',0,11400,4,'',0,10000,4,'',0,9300,4,'',0,12300,4,'',0,8100,4,'',0,19300,4,'',0,10000,4,'',0,19100,4,'',0
'396',1000,182400,4,'',0
'396',1001,104000,,'',0,68000,,'',0
'393',1400,91200,,'',0,21400,,'',0,48600,,'',0
'398',1400,91200,,'',0,21400,,'',0,48600,,'',0
'393',15800,102500,,'',0,9800,,'',0,10800,,'',0,19900,,'',0,18000,,'',0,4100,,'',0
'394',15800,102500,,'',0,9800,,'',0,10800,,'',0,19900,,'',0,18000,,'',0,4100,,'',0
'395',15800,75800,,'',0,26000,,'',0,11100,,'',0,42500,,'',0,15300,,'',0,22700,,'',0
'396',15800,125000,,'',0,20000,,'',0
'397',15800,102500,,'',0,9800,,'',0,10800,,'',0,19900,,'',0,18000,,'',0,4100,,'',0
'398',15800,102500,,'',0,9800,,'',0,10800,,'',0,19900,,'',0,18000,,'',0,4100,,'',0
'399',15800,102500,,'',0,9800,,'',0,10800,,'',0,19900,,'',0,18000,,'',0,4100,,'',0
