'423',600,81800,4,'',0,3000,4,'',0,67500,4,'',0,10400,4,'',0
'423',601,81800,0,'Vanier',0,3000,0,'Vanier',0,67700,0,'Vanier',0,10200,0,'Vanier',0
'424',600,81800,4,'',0,3000,4,'',0,67500,4,'',0,10400,4,'',0
'424',601,81800,0,'Vanier',0,3000,0,'Vanier',0,67700,0,'Vanier',0,10200,0,'Vanier',0
'425',600,81800,4,'',0,3000,4,'',0,67500,4,'',0,10400,4,'',0
'425',601,81800,0,'Vanier',0,3000,0,'Vanier',0,67700,0,'Vanier',0,10200,0,'Vanier',0
'426',600,81800,4,'',0,3000,4,'',0,67500,4,'',0,10400,4,'',0
'426',601,81800,0,'Vanier',0,3000,0,'Vanier',0,67700,0,'Vanier',0,10200,0,'Vanier',0
'427',600,81800,4,'',0,3000,4,'',0,67500,4,'',0,10400,4,'',0
'427',601,81800,0,'Vanier',0,3000,0,'Vanier',0,67700,0,'Vanier',0,10200,0,'Vanier',0
'428',600,152500,4,'',0
'428',601,152500,0,'Vanier',0
'421',1201,84900,,'',0,78500,,'',0,21700,,'',0
'428',1201,125100,,'',0,60000,,'',0
'424',1301,102100,,'',0,21400,,'',0,48600,,'',0
'426',1301,102100,,'',0,21400,,'',0,48600,,'',0
