'421',300,85600,,'',0,14700,,'',0,5300,,'',0,20000,,'',0,14700,,'',0,5300,,'',0,10000,,'',0,8000,,'',0,8900,,'',0,11600,,'',0,11100,,'',0,17700,,'',0,18300,,'',0
'421',301,85600,4,'',0,20000,4,'',0,20000,4,'',0,20000,4,'',0,10000,4,'',0,8000,4,'',0,20500,4,'',0,28800,4,'',0,18200,4,'',0
'422',300,95000,,'',0,36000,,'',0,20000,,'',0,19200,,'',0,10000,,'',0
'422',301,94600,4,'',0,75500,4,'',0,10000,4,'',0
'423',300,62800,,'',0,9100,,'',0,11700,,'',0,9500,,'',0,11200,,'',0,9800,,'',0,10800,,'',0,9900,,'',0,10000,,'',0,18000,,'',0,1700,,'',0,6400,,'',0,3200,,'',0,19800,,'',0,19000,,'',0
'423',301,62800,4,'',0,8800,4,'',0,12000,4,'',0,9500,4,'',0,41700,4,'',0,29700,4,'',0,9600,4,'',0,19800,4,'',0,19000,4,'',0
'424',300,62800,,'',0,9100,,'',0,11700,,'',0,9500,,'',0,11200,,'',0,9800,,'',0,10800,,'',0,9900,,'',0,10000,,'',0,18000,,'',0,1700,,'',0,6400,,'',0,3200,,'',0,19800,,'',0,19000,,'',0
'424',301,62800,4,'',0,8800,4,'',0,12000,4,'',0,9500,4,'',0,41700,4,'',0,29700,4,'',0,9600,4,'',0,19800,4,'',0,19000,4,'',0
'425',300,62800,,'',0,9100,,'',0,11700,,'',0,9500,,'',0,11200,,'',0,9800,,'',0,10800,,'',0,9900,,'',0,10000,,'',0,18000,,'',0,1700,,'',0,6400,,'',0,3200,,'',0,19800,,'',0,19000,,'',0
'425',301,62800,4,'',0,8800,4,'',0,12000,4,'',0,9500,4,'',0,41700,4,'',0,29700,4,'',0,9600,4,'',0,19800,4,'',0,19000,4,'',0
'426',300,62800,,'',0,9100,,'',0,11700,,'',0,9500,,'',0,11200,,'',0,9800,,'',0,10800,,'',0,9900,,'',0,10000,,'',0,18000,,'',0,1700,,'',0,6400,,'',0,3200,,'',0,19800,,'',0,19000,,'',0
'426',301,62800,4,'',0,8800,4,'',0,12000,4,'',0,9500,4,'',0,41700,4,'',0,29700,4,'',0,9600,4,'',0,19800,4,'',0,19000,4,'',0
'427',300,62800,,'',0,9100,,'',0,11700,,'',0,9500,,'',0,11200,,'',0,9800,,'',0,10800,,'',0,9900,,'',0,10000,,'',0,18000,,'',0,1700,,'',0,6400,,'',0,3200,,'',0,19800,,'',0,19000,,'',0,18300,,'',0
'427',301,62800,4,'',0,8800,4,'',0,12000,4,'',0,9500,4,'',0,41700,4,'',0,29700,4,'',0,9600,4,'',0,19800,4,'',0,19000,4,'',0,18300,4,'',0
'428',300,81600,,'',0,10900,,'',0,11100,,'',0,11100,,'',0,10400,,'',0,10500,,'',0,14500,,'',0,11100,,'',0,11300,,'',0,11600,,'',0,11100,,'',0,17700,,'',0,18300,,'',0
'428',301,92100,4,'',0,33000,4,'',0,10500,4,'',0,14500,4,'',0,34000,4,'',0,28800,4,'',0,18200,4,'',0
'421',15800,100300,4,'',0,40000,4,'',0,32200,4,'',0,22400,4,'',0
'422',15800,130800,4,'',0,20000,4,'',0
'423',15800,104300,4,'',0,9800,4,'',0,10800,4,'',0,19900,4,'',0,18000,4,'',0,8100,4,'',0
'424',15800,104300,4,'',0,9800,4,'',0,10800,4,'',0,19900,4,'',0,18000,4,'',0,8100,4,'',0
'425',15800,104300,4,'',0,9800,4,'',0,10800,4,'',0,19900,4,'',0,18000,4,'',0,8100,4,'',0
'426',15800,104300,4,'',0,9800,4,'',0,10800,4,'',0,19900,4,'',0,18000,4,'',0,8100,4,'',0
'427',15800,104300,4,'',0,9800,4,'',0,10800,4,'',0,19900,4,'',0,18000,4,'',0,8100,4,'',0
'428',15800,81600,4,'',0,22000,4,'',0,11100,4,'',0,46500,4,'',0,11300,4,'',0,22700,4,'',0
