'2046',101,81400,4,'',0,120900,4,'',0
'2048',101,80300,4,'',0
'2046',500,151800,0,'Vanier',0
'2048',500,151600,0,'Vanier',0,10400,0,'Vanier',0
'2048',501,82600,4,'',0,3000,4,'',0,67500,4,'',0,10400,4,'',0
'2046',601,81500,,'',0,3200,4,'',0,7300,,'',0,3200,4,'',0,6800,,'',0,3200,4,'',0,6800,,'',0,3200,4,'',0,7800,,'',0,7200,4,'',0,3300,,'',0,7200,4,'',0,3300,,'',0,7200,4,'',0,2300,,'',0,7200,4,'',0,2800,,'',0,7200,4,'',0,1800,,'',0,3200,4,'',0,6800,,'',0,3200,4,'',0,7300,,'',0,7200,4,'',0,1800,,'',0,3200,4,'',0
'2048',601,62000,,'',0,3200,4,'',0,6000,,'',0,3200,4,'',0,7300,,'',0,3200,4,'',0,7100,,'',0,3200,4,'',0,7800,,'',0,7200,4,'',0,3300,,'',0,7200,4,'',0,2800,,'',0,7200,4,'',0,2800,,'',0,7200,4,'',0,2800,,'',0,7200,4,'',0,2800,,'',0,7200,4,'',0,2800,,'',0,7200,4,'',0,2300,,'',0,7200,4,'',0,2300,,'',0,3200,4,'',0,7300,,'',0,7200,4,'',0,2300,,'',0,3200,4,'',0
'2064',601,101000,,'',0,3200,4,'',0,17300,,'',0,3200,4,'',0,17300,,'',0,3200,4,'',0,16800,,'',0,3200,4,'',0
'2046',701,84500,,'',0,21000,0,'Arden',0,5200,4,'',0,19800,0,'Arden',0,1200,4,'',0,23000,,'',0,15300,0,'Arden',0,1200,4,'',0,31800,0,'Arden',0,1200,4,'',0
'2048',701,65500,0,'Arden',0,5200,4,'',0,3700,,'',0,15600,0,'Arden',0,1200,4,'',0,10200,0,'Arden',0,1200,4,'',0,8800,0,'Arden',0,1200,4,'',0,8800,0,'Arden',0,1200,4,'',0,18900,0,'Arden',0,1200,4,'',0,10600,,'',0,8200,,'',0,18800,0,'Arden',0,1200,4,'',0,22000,0,'Arden',0,1200,4,'',0
'2046',800,100200,4,'',0,11000,4,'',0,11600,4,'',0,10500,4,'',0,10500,4,'',0,10500,4,'',0,11000,4,'',0,16900,4,'',0,10500,4,'',0,9500,4,'',0,18000,4,'',0
'2046',801,85000,,'',0,15000,,'',0,11000,,'',0,10500,,'',0,11000,,'',0,10000,,'',0,11000,,'',0,10200,,'',0,16800,,'',0,10500,,'',0,19000,,'',0
'2048',800,64100,4,'',0,11300,4,'',0,15500,4,'',0,9500,4,'',0,10200,4,'',0,10800,4,'',0,11100,4,'',0,10900,4,'',0,8800,4,'',0,10500,4,'',0,9100,4,'',0,12600,4,'',0,16800,4,'',0,19000,4,'',0
'2048',801,64400,,'',0,16300,,'',0,9500,,'',0,10000,,'',0,10300,,'',0,11400,,'',0,10000,,'',0,9300,,'',0,12300,,'',0,8100,,'',0,19300,,'',0,10000,,'',0,19100,,'',0
'2064',800,100700,4,'',0,20100,4,'',0,20500,4,'',0,19500,4,'',0,23900,4,'',0
'2064',801,104500,,'',0,20500,,'',0,25000,,'',0,20000,,'',0,15000,,'',0
'2046',1000,103600,4,'',0,40000,4,'',0,40000,4,'',0,37500,4,'',0
'2046',1001,91500,,'',0,40000,,'',0,40000,,'',0,33500,,'',0
'2048',1000,81100,4,'',0,1000,4,'',0,3500,4,'',0,17900,4,'',0,40000,4,'',0,40000,4,'',0,37100,4,'',0
'2048',1001,70000,,'',0,3900,,'',0,17500,,'',0,40000,,'',0,40000,,'',0,33600,,'',0
'2064',1000,115600,4,'',0
'2046',1100,92500,,'',0,11500,,'',0,40000,,'',0,40000,,'',0,36500,,'',0
'2046',1101,101500,4,'',0,11500,4,'',0,40000,4,'',0,39800,4,'',0,32200,4,'',0
'2048',1100,65500,,'',0,26900,,'',0,11400,,'',0,27900,,'',0,12000,,'',0,40300,,'',0,36600,,'',0
'2048',1101,73800,4,'',0,27400,4,'',0,11500,4,'',0,28200,4,'',0,12000,4,'',0,39700,4,'',0,32500,4,'',0
'2046',1200,113800,,'',0,60000,,'',0
'2046',1201,125900,4,'',0,60000,4,'',0
'2048',1200,60600,,'',0,13000,,'',0,40000,,'',0,19400,,'',0,30600,,'',0,10000,,'',0
'2048',1201,73000,4,'',0,17000,4,'',0,40000,4,'',0,20000,4,'',0,30000,4,'',0,10000,4,'',0
'2054',1301,93700,,'',0,9200,4,'',0,12200,,'',0,9200,4,'',0,39400,,'',0,9200,4,'',0
'2054',1400,92400,4,'',0,21400,4,'',0,48700,4,'',0
'2054',1401,83000,,'',0,21400,,'',0,48600,,'',0
'2048',9900,75900,0,'VMP Connector',0,14300,4,'',0
'2048',9901,161300,4,'',0
