100,1,1,0
100,2,2,0
100,3,3,0
100,4,4,0
100,5,5,0
100,6,6,0
100,7,7,0
100,8,8,1
101,8,1,0
101,9,2,0
101,10,3,0
101,11,4,0
101,12,5,0
101,13,6,0
101,14,7,0
101,15,8,0
101,16,9,0
101,17,10,0
101,18,11,0
101,19,12,0
101,20,13,0
101,21,14,0
101,1,15,1
200,33,1,0
200,34,2,0
200,35,3,0
200,17,4,0
200,18,5,0
200,19,6,0
200,20,7,0
200,21,8,0
200,1,9,0
200,2,10,0
200,3,11,0
200,4,12,0
200,5,13,0
200,6,14,0
200,7,15,0
200,8,16,1
201,8,1,0
201,9,2,0
201,10,3,0
201,11,4,0
201,12,5,0
201,13,6,0
201,14,7,0
201,15,8,0
201,16,9,0
201,1,10,0
201,17,11,0
201,18,12,0
201,19,13,0
201,38,14,0
201,39,15,0
201,22,16,0
201,23,17,0
201,24,18,0
201,25,19,0
201,26,20,0
201,27,21,0
201,28,22,0
201,29,23,0
201,30,24,0
201,31,25,0
201,32,26,0
201,33,27,0
201,34,28,0
201,36,31,0
201,37,32,1
300,64,1,0
300,65,2,0
300,66,3,0
300,67,4,0
300,68,5,0
300,69,6,0
300,70,7,0
300,71,8,0
300,72,9,0
300,73,10,0
300,74,11,0
300,75,12,0
300,76,13,0
300,77,14,0
300,78,15,0
300,79,16,0
300,80,17,0
300,81,18,0
300,82,19,0
300,83,20,0
300,84,21,0
300,85,22,0
300,1,23,0
300,86,24,0
300,87,25,0
300,88,26,0
300,89,27,0
300,7,28,0
300,8,29,1
301,8,1,0
301,40,2,0
301,41,3,0
301,42,4,0
301,43,5,0
301,44,6,0
301,45,7,0
301,46,8,0
301,47,9,0
301,48,10,0
301,49,11,0
301,50,12,0
301,51,13,0
301,52,14,0
301,53,15,0
301,54,16,0
301,55,17,0
301,56,18,0
301,57,19,0
301,58,20,0
301,59,21,0
301,60,22,0
301,61,23,0
301,62,24,0
301,63,25,0
301,64,26,1
400,90,1,0
400,91,2,0
400,92,3,0
400,93,4,0
400,94,5,0
400,95,6,0
400,96,7,0
400,97,8,0
400,98,9,0
400,99,10,0
400,100,11,0
400,101,12,0
400,102,13,0
400,103,14,0
400,104,15,0
400,105,16,0
400,106,17,0
400,138,18,0
400,107,19,0
400,108,20,0
400,109,21,0
400,110,22,0
400,111,23,0
400,112,24,0
400,113,25,0
400,114,26,0
400,115,27,0
400,116,28,0
400,117,29,0
400,118,30,0
400,119,31,0
400,120,32,0
400,121,33,0
400,122,34,0
400,123,35,0
400,124,36,0
400,125,37,0
400,139,38,0
400,126,39,0
400,44,40,0
400,127,41,0
400,128,42,0
400,129,43,0
400,130,44,0
400,131,45,0
400,8,46,1
401,8,1,0
401,132,2,0
401,133,3,0
401,134,4,0
401,84,5,0
401,85,6,0
401,1,7,0
401,86,8,0
401,87,9,0
401,135,10,0
401,136,11,0
401,137,12,0
401,90,13,1
500,8,1,0
500,40,2,0
500,41,3,0
500,1,4,0
500,86,5,0
500,87,6,0
500,140,7,0
500,141,8,1
501,141,1,0
501,130,2,0
501,131,3,0
501,8,4,1
600,8,1,0
600,40,2,0
600,41,3,0
600,42,4,0
600,43,5,0
600,142,6,0
600,143,7,0
600,144,8,0
600,145,9,0
600,146,10,0
600,147,11,0
600,148,12,0
600,149,13,0
600,150,14,0
600,151,15,0
600,152,16,0
600,153,17,0
600,126,18,0
600,44,19,1
601,44,1,0
601,45,2,0
601,154,3,0
601,155,4,0
601,156,5,0
601,157,6,0
601,158,7,0
601,159,8,0
601,160,9,0
601,161,10,0
601,162,11,0
601,128,12,0
601,129,13,0
601,130,14,0
601,131,15,0
601,8,16,1
700,8,1,0
700,163,2,0
700,164,3,0
700,165,4,0
700,166,5,0
700,167,6,0
700,168,7,0
700,169,8,0
700,170,9,0
700,171,10,0
700,172,11,0
700,173,12,0
700,174,13,0
700,175,14,0
700,177,15,0
700,178,16,0
700,179,17,0
700,180,18,0
700,181,19,0
700,182,20,0
700,183,21,0
700,184,22,0
700,185,23,0
700,186,24,0
700,1,25,1
701,1,1,0
701,2,2,0
701,3,3,0
701,4,4,0
701,5,5,0
701,175,6,0
701,176,7,0
701,6,8,0
701,7,9,0
701,8,10,1
800,1,1,0
800,192,2,0
800,193,3,0
800,194,4,0
800,195,5,0
800,196,6,0
800,197,7,0
800,198,8,0
800,199,9,0
800,200,10,0
800,201,11,0
800,202,12,0
800,203,13,0
800,176,14,0
800,6,15,0
800,7,16,0
800,8,17,1
801,8,1,0
801,163,2,0
801,187,3,0
801,188,4,0
801,175,5,0
801,164,6,0
801,165,7,0
801,173,8,0
801,174,9,0
801,177,10,0
801,189,11,0
801,190,12,0
801,38,13,0
801,39,14,0
801,191,15,0
801,181,16,0
801,182,17,0
801,183,18,0
801,184,19,0
801,185,20,0
801,186,21,0
801,16,22,0
801,17,23,0
801,18,24,0
801,19,25,0
801,20,26,0
801,21,27,0
801,1,28,1
1000,216,1,0
1000,217,2,0
1000,218,3,0
1000,219,4,0
1000,220,5,0
1000,221,6,0
1000,222,7,0
1000,204,8,0
1000,205,9,0
1000,208,10,0
1000,209,11,0
1000,1,12,0
1000,2,13,0
1000,3,14,0
1000,4,15,0
1000,5,16,0
1000,6,17,0
1000,7,18,0
1000,8,19,0
1000,206,20,0
1000,207,21,0
1000,26,22,0
1000,27,23,1
1001,8,1,0
1001,9,2,0
1001,10,3,0
1001,11,4,0
1001,12,5,0
1001,13,6,0
1001,14,7,0
1001,15,8,0
1001,16,9,0
1001,1,10,0
1001,17,11,0
1001,223,12,0
1001,36,13,0
1001,37,14,0
1001,210,15,0
1001,211,16,0
1001,212,17,0
1001,213,18,0
1001,214,19,0
1001,215,20,0
1001,216,21,1
1100,229,1,0
1100,230,2,0
1100,231,3,0
1100,235,4,0
1100,232,5,0
1100,126,6,0
1100,44,7,0
1100,128,8,0
1100,129,9,0
1100,130,10,0
1100,131,11,0
1100,8,12,1
1101,8,1,0
1101,40,2,0
1101,41,3,0
1101,42,4,0
1101,43,5,0
1101,44,6,0
1101,45,7,0
1101,139,8,0
1101,233,9,0
1101,234,10,0
1101,114,11,0
1101,115,12,0
1101,116,13,0
1101,117,14,0
1101,231,15,0
1101,224,16,0
1101,225,17,0
1101,226,18,0
1101,235,19,0
1101,227,20,0
1101,228,21,0
1101,229,22,1
1200,8,1,0
1200,40,2,0
1200,41,3,0
1200,140,4,0
1200,236,5,0
1200,237,6,0
1200,238,7,0
1200,239,8,0
1200,240,9,0
1200,241,10,0
1200,242,11,1
1201,242,1,0
1201,243,2,0
1201,244,3,0
1201,248,4,0
1201,245,5,0
1201,246,6,0
1201,247,7,0
1201,141,8,0
1201,249,9,0
1201,250,10,0
1201,126,11,0
1201,44,12,0
1201,127,13,0
1201,128,14,0
1201,129,15,0
1201,130,16,0
1201,131,17,0
1201,8,18,1
1303,8,1,0
1303,40,2,0
1303,41,3,0
1303,42,4,0
1303,43,5,0
1303,44,6,0
1303,45,7,0
1303,139,8,0
1303,224,9,0
1303,225,10,0
1303,251,11,0
1303,252,12,0
1303,253,13,1
1304,253,1,0
1304,141,2,0
1304,130,3,0
1304,131,4,0
1304,8,5,1
1400,219,1,0
1400,220,2,0
1400,221,3,0
1400,222,4,0
1400,204,5,0
1400,205,6,0
1400,208,7,0
1400,18,8,0
1400,19,9,0
1400,20,10,0
1400,21,11,0
1400,1,12,0
1400,3,13,0
1400,4,14,0
1400,5,15,0
1400,6,16,0
1400,7,17,0
1400,8,18,1
1401,8,1,0
1401,9,2,0
1401,10,3,0
1401,11,4,0
1401,12,5,0
1401,13,6,0
1401,14,7,0
1401,15,8,0
1401,16,9,0
1401,17,10,0
1401,36,11,0
1401,37,12,0
1401,210,13,0
1401,211,14,0
1401,212,15,1
3400,71,1,0
3400,74,2,0
3400,119,3,0
3400,124,4,0
3400,126,5,0
3400,128,6,0
3400,8,7,1
3401,8,1,0
3401,43,2,0
3401,45,3,0
3401,47,4,0
3401,51,5,0
3401,96,6,0
3401,98,7,1
9902,235,1,0
9902,232,2,0
9902,126,3,0
9902,44,4,0
9902,127,5,0
9902,128,6,0
9902,129,7,0
9902,130,8,0
9902,131,9,0
9902,8,10,1
