101,'4623',2254,,876,15,,,0
101,'5014',559,,881,15,,,0,69,,885,15,,,0,20,,891,15,,,0,59,,897,15,,,0,18,,880,15,,,0,16,,909,15,,,0,13,,877,12,0,13,0,5,,884,15,,,0,60,,894,15,,,0,20,,898,15,,,0,19,,882,15,,,0,60,,886,15,,,0,25,,888,15,,,0,65,,879,15,,,0,30,,893,15,,,0,75,,892,15,,,0,40,,896,15,,,0,80,,878,15,,,0,80,,889,15,,,0,30,,910,15,,,0,70,,883,15,,,0,30,,901,15,,,0,70,,895,15,,,0,21,,907,15,,,0,19,,887,15,,,0,59,,906,15,,,0,20,,903,15,,,0,23,,905,15,,,0,66,,911,15,,,0,30,,890,15,,,0,75,,899,15,,,0,75,,902,15,,,0,35,,900,15,,,0,107,,904,15,,,0,106,,908,15,,,0
101,'5363',724,,930,15,,,0,86,,912,15,,,0,45,,933,15,,,0,76,,913,15,,,0,83,,928,15,,,0,35,,914,15,,,0,80,,915,15,,,0,77,,916,15,,,0,30,,932,15,,,0,70,,935,15,,,0,29,,917,15,,,0,70,,920,15,,,0,30,,919,15,,,0,70,,934,15,,,0,30,,923,15,,,0,70,,921,15,,,0,36,,918,15,,,0,75,,922,15,,,0,35,,926,15,,,0,75,,936,15,,,0,75,,924,15,,,0,35,,929,15,,,0,107,,927,15,,,0,106,,925,15,,,0,105,,931,15,,,0
101,'5365',911,,938,15,,,0,100,,937,15,,,0,106,,939,15,,,0,100,,940,15,,,0,100,,941,15,,,0,90,,942,15,,,0,100,,943,15,,,0,100,,944,15,,,0,51,,946,15,,,0,92,,947,15,,,0,99,,945,15,,,0
601,'4623',1551,,1128,19,,,0,305,,1127,19,,,0
601,'5014',636,,1138,19,,,0,95,,1135,19,,,0,100,,1139,19,,,0,102,,1129,19,,,0,103,,1140,19,,,0,105,,1132,19,,,0,110,,1141,19,,,0,95,,1137,19,,,0,100,,1133,19,,,0,200,,1134,19,,,0,155,,1130,19,,,0,150,,1131,19,,,0,90,,1136,19,,,0
601,'5222',1551,,1143,19,,,0,305,,1142,19,,,0
601,'5363',831,,1144,19,,,0,100,,1145,19,,,0,105,,1146,19,,,0,105,,1148,19,,,0,110,,1149,19,,,0,105,,1150,19,,,0,145,,1151,19,,,0,100,,1153,19,,,0,55,,1147,19,,,0,100,,1154,19,,,0,100,,1155,19,,,0,95,,1152,19,,,0,90,,1156,19,,,0
601,'5365',1016,,1157,19,,,0,205,,1158,19,,,0,135,,1159,19,,,0,170,,1160,19,,,0,175,,1161,19,,,0
1101,'5014',731,,1290,4,,,0,273,,1289,4,,,0,118,,1291,4,,,0,237,,1287,4,,,0,160,,1292,4,,,0,400,,1288,4,,,0,330,,1293,4,,,0
1101,'5363',1004,,1298,4,,,0,118,,1294,4,,,0,397,,1295,4,,,0,400,,1296,4,,,0,330,,1297,4,,,0
1201,'5014',721,,1311,14,,,0,125,,1308,14,,,0,407,,1309,14,,,0,198,,1307,14,,,0,300,,1310,14,,,0,102,,1312,14,,,0
9901,'5014',1604,,1351,3,,,0
