1000,'4623',2130,,1248,1,,,0
1000,'5014',745,,1250,1,,,0,75,,1249,1,,,0,193,,1252,2,,,0,346,,1251,1,,,0,456,,1253,2,,,0
1000,'5222',2130,,1255,1,,,0
1000,'5363',958,,1256,2,,,0,401,,1257,1,,,0,444,,1259,2,,,0,327,,1258,1,,,0
1000,'5365',1112,,1260,1,0,13,0,688,,1261,1,0,13,0
1001,'4623',2130,,1262,17,4,,0
1001,'5014',740,,1266,17,4,,0,75,,1263,17,4,,0,539,,1267,17,4,,0
1001,'5222',2130,,1268,17,4,,0
1001,'5363',1354,,1270,17,4,,0,776,,1272,17,4,,0
1001,'5365',1106,,1273,12,4,,0,647,,1274,12,4,,0
