100,'4623',2411,,804,31,4,,0
100,'5014',647,,807,31,4,,0,70,,813,31,4,,0,20,,819,31,4,,0,20,,823,31,4,,0,60,,805,31,4,,0,19,,806,31,4,,0,20,,814,31,4,,0,60,,820,31,4,,0,21,,824,31,4,,0,20,,809,31,4,,0,60,,812,31,4,,0,25,,816,31,4,,0,65,,810,31,4,,0,32,,821,31,4,,0,75,,817,31,4,,0,41,,825,31,4,,0,80,,808,31,4,,0,80,,815,31,4,,0,31,,837,31,4,,0,69,,811,31,4,,0,30,,827,31,4,,0,69,,822,31,4,,0,20,,834,31,4,,0,20,,818,31,4,,0,59,,833,31,4,,0,18,,829,31,4,,0,22,,832,31,4,,0,64,,838,31,4,,0,25,,826,31,4,,0,75,,831,31,4,,0,34,,830,31,4,,0,75,,828,31,4,,0,105,,835,31,4,,0,105,,836,31,4,,0
100,'5363',751,,858,20,4,,0,149,,856,31,4,,0,41,,839,31,4,,0,83,,861,31,4,,0,80,,841,31,4,,0,40,,840,31,4,,0,81,,845,31,4,,0,79,,848,31,4,,0,31,,860,31,4,,0,70,,863,31,4,,0,30,,844,31,4,,0,70,,847,31,4,,0,30,,843,31,4,,0,69,,862,31,4,,0,27,,842,31,4,,0,73,,849,31,4,,0,34,,846,31,4,,0,72,,851,31,4,,0,32,,852,31,4,,0,75,,850,31,4,,0,34,,857,31,4,,0,75,,853,31,4,,0,105,,854,31,4,,0,105,,855,31,4,,0,175,,859,31,4,,0
100,'5365',944,,873,31,4,,0,82,,865,31,4,,0,103,,864,31,4,,0,85,,866,31,4,,0,100,,867,31,4,,0,101,,868,31,4,,0,90,,869,31,4,,0,100,,870,31,4,,0,99,,871,31,4,,0,98,,875,31,4,,0,55,,874,31,4,,0,101,,872,31,4,,0
301,'4623',1655,,1009,1,,,0,103,,1010,1,,,0
301,'5014',732,,1011,1,,,0,82,,1016,1,,,0,111,,1015,1,,,0,105,,1014,1,,,0,115,,1013,1,,,0,155,,1017,1,,,0,100,,1018,1,,,0,52,,1012,1,,,0,98,,1019,1,,,0,350,,1020,1,,,0
301,'5222',1655,,1021,1,,,0,103,,1022,1,,,0
301,'5363',815,,1025,1,,,0,126,,1026,1,,,0,164,,1027,1,,,0,110,,1023,1,,,0,100,,1024,1,,,0,100,,1029,1,,,0,105,,1030,1,,,0,115,,1031,1,,,0,110,,1028,1,,,0,160,,1032,1,,,0
301,'5365',828,,1033,1,,,0,207,,1035,1,,,0,100,,1040,1,,,0,185,,1036,1,,,0,105,,1034,1,,,0,185,,1038,1,,,0,100,,1037,1,,,0,100,,1039,1,,,0
400,'4623',1647,,1041,9,4,,0,104,,1042,9,4,,0
400,'5014',915,,1048,9,4,,0,101,,1044,9,4,,0,111,,1043,9,4,,0,123,,1047,9,4,,0,207,,1046,9,4,,0,399,,1045,9,4,,0
400,'5222',1647,,1049,9,4,,0,104,,1050,9,4,,0
400,'5363',957,,1056,9,4,,0,101,,1051,9,4,,0,154,,1053,9,4,,0,104,,1054,9,4,,0,196,,1052,9,4,,0,105,,1058,9,4,,0,114,,1055,9,4,,0,172,,1057,9,4,,0
400,'5365',1252,,1059,9,4,,0,291,,1060,9,4,,0,383,,1061,9,4,,0
1500,'5364',938,,1329,10,4,,0,80,,1327,10,4,,0,40,,1328,10,4,,0,279,,1326,10,4,,0,80,,1325,10,4,,0,40,,1324,10,4,,0
1501,'5364',901,,1333,1,,,0,40,,1334,1,,,0,80,,1335,1,,,0,280,,1330,1,,,0,39,,1331,1,,,0,80,,1332,1,,,0
