101,'4623',2258,,876,18,,,0
101,'5014',603,,881,18,,,0,29,,885,18,,,0,20,,891,18,,,0,59,,897,18,,,0,18,,880,18,,,0,17,,909,18,,,0,54,,877,15,0,13,0,4,,884,18,,,0,20,,894,18,,,0,20,,898,18,,,0,59,,882,18,,,0,20,,886,18,,,0,25,,888,18,,,0,65,,879,18,,,0,30,,893,18,,,0,75,,892,18,,,0,40,,896,18,,,0,81,,878,18,,,0,80,,889,18,,,0,30,,910,18,,,0,70,,883,18,,,0,30,,901,18,,,0,70,,895,18,,,0,21,,907,18,,,0,19,,887,18,,,0,59,,906,18,,,0,20,,903,18,,,0,62,,905,18,,,0,26,,911,18,,,0,30,,890,18,,,0,75,,899,18,,,0,75,,902,18,,,0,35,,900,18,,,0,106,,904,18,,,0,106,,908,18,,,0
101,'5363',729,,930,18,,,0,86,,912,18,,,0,85,,933,18,,,0,36,,913,18,,,0,84,,928,18,,,0,35,,914,18,,,0,80,,915,18,,,0,77,,916,18,,,0,30,,932,18,,,0,70,,935,18,,,0,28,,917,18,,,0,70,,920,18,,,0,30,,919,18,,,0,70,,934,18,,,0,30,,923,18,,,0,70,,921,18,,,0,36,,918,18,,,0,75,,922,18,,,0,35,,926,18,,,0,75,,936,18,,,0,75,,924,18,,,0,35,,929,18,,,0,106,,927,18,,,0,106,,925,18,,,0,105,,931,18,,,0
101,'5365',916,,938,18,,,0,100,,937,18,,,0,106,,939,18,,,0,100,,940,18,,,0,101,,941,18,,,0,90,,942,18,,,0,100,,943,18,,,0,99,,944,18,,,0,91,,946,18,,,0,52,,947,18,,,0,99,,945,18,,,0
601,'4623',1603,,1128,32,,,0,305,,1127,32,,,0
601,'5014',648,,1138,32,,,0,95,,1135,32,,,0,100,,1139,32,,,0,102,,1129,32,,,0,103,,1140,32,,,0,105,,1132,32,,,0,150,,1141,32,,,0,55,,1137,32,,,0,100,,1133,32,,,0,200,,1134,32,,,0,155,,1130,32,,,0,190,,1131,32,,,0,50,,1136,32,,,0
601,'5222',1603,,1143,32,,,0,305,,1142,32,,,0
601,'5363',843,,1144,32,,,0,100,,1145,32,,,0,105,,1146,32,,,0,105,,1148,32,,,0,150,,1149,32,,,0,105,,1150,32,,,0,105,,1151,32,,,0,100,,1153,32,,,0,95,,1147,32,,,0,100,,1154,32,,,0,100,,1155,32,,,0,95,,1152,32,,,0,50,,1156,32,,,0
601,'5365',1028,,1157,32,,,0,205,,1158,32,,,0,175,,1159,32,,,0,130,,1160,32,,,0,175,,1161,32,,,0
1101,'5014',735,,1290,7,,,0,274,,1289,7,,,0,118,,1291,7,,,0,278,,1287,7,,,0,120,,1292,7,,,0,398,,1288,7,,,0,330,,1293,7,,,0
1101,'5363',1010,,1298,7,,,0,117,,1294,7,,,0,398,,1295,7,,,0,398,,1296,7,,,0,330,,1297,7,,,0
1201,'5014',727,,1311,18,,,0,125,,1308,18,,,0,407,,1309,18,,,0,198,,1307,18,,,0,300,,1310,18,,,0,102,,1312,18,,,0
9901,'5014',1610,,1351,6,,,0
