100,'4623',2356,,804,16,,,0
100,'5014',632,,807,16,,,0,70,,813,16,,,0,20,,819,16,,,0,20,,823,16,,,0,58,,805,16,,,0,18,,806,16,,,0,19,,814,16,,,0,21,,820,16,,,0,61,,824,16,,,0,20,,809,16,,,0,20,,812,16,,,0,65,,816,16,,,0,25,,810,16,,,0,72,,821,16,,,0,35,,817,16,,,0,81,,825,16,,,0,80,,808,16,,,0,40,,815,16,,,0,70,,837,16,,,0,29,,811,16,,,0,70,,827,16,,,0,30,,822,16,,,0,60,,834,16,,,0,20,,818,16,,,0,19,,833,16,,,0,58,,829,16,,,0,22,,832,16,,,0,66,,838,16,,,0,25,,826,16,,,0,76,,831,16,,,0,34,,830,16,,,0,75,,828,16,,,0,105,,835,16,,,0,105,,836,16,,,0
100,'5363',736,,858,5,,,0,108,,856,16,,,0,80,,839,16,,,0,83,,861,16,,,0,40,,841,16,,,0,80,,840,16,,,0,81,,845,16,,,0,38,,848,16,,,0,71,,860,16,,,0,30,,863,16,,,0,70,,844,16,,,0,30,,847,16,,,0,70,,843,16,,,0,29,,862,16,,,0,67,,842,16,,,0,33,,849,16,,,0,74,,846,16,,,0,33,,851,16,,,0,73,,852,16,,,0,76,,850,16,,,0,34,,857,16,,,0,75,,853,16,,,0,105,,854,16,,,0,105,,855,16,,,0,135,,859,16,,,0
100,'5365',927,,873,16,,,0,82,,865,16,,,0,103,,864,16,,,0,45,,866,16,,,0,100,,867,16,,,0,101,,868,16,,,0,90,,869,16,,,0,100,,870,16,,,0,99,,871,16,,,0,99,,875,16,,,0,95,,874,16,,,0,102,,872,16,,,0
601,'4623',1538,,1128,5,,,0,305,,1127,5,,,0
601,'5014',623,,1138,5,,,0,95,,1135,5,,,0,100,,1139,5,,,0,102,,1129,5,,,0,103,,1140,5,,,0,105,,1132,5,,,0,110,,1141,5,,,0,95,,1137,5,,,0,100,,1133,5,,,0,200,,1134,5,,,0,115,,1130,5,,,0,190,,1131,5,,,0,90,,1136,5,,,0
601,'5222',1538,,1143,5,,,0,305,,1142,5,,,0
601,'5363',818,,1144,5,,,0,100,,1145,5,,,0,105,,1146,5,,,0,105,,1148,5,,,0,110,,1149,5,,,0,105,,1150,5,,,0,105,,1151,5,,,0,100,,1153,5,,,0,95,,1147,5,,,0,100,,1154,5,,,0,100,,1155,5,,,0,95,,1152,5,,,0,90,,1156,5,,,0
601,'5365',1003,,1157,5,,,0,205,,1158,5,,,0,135,,1159,5,,,0,170,,1160,5,,,0,135,,1161,5,,,0
1100,'5014',658,,1278,5,,,0,269,,1279,5,,,0,117,,1275,5,,,0,277,,1276,5,,,0,120,,1280,5,,,0,402,,1277,5,,,0,371,,1281,5,,,0
1100,'5363',927,,1286,5,,,0,117,,1282,5,,,0,397,,1283,5,,,0,402,,1284,5,,,0,371,,1285,5,,,0
1301,'5212',940,,1315,5,,,0,214,,1316,5,,,0,486,,1317,5,,,0
