101,'4623',2300,,876,20,,,0
101,'5014',605,,881,20,,,0,29,,885,20,,,0,20,,891,20,,,0,59,,897,20,,,0,18,,880,20,,,0,17,,909,20,,,0,54,,877,17,0,13,0,4,,884,20,,,0,20,,894,20,,,0,20,,898,20,,,0,59,,882,20,,,0,20,,886,20,,,0,25,,888,20,,,0,65,,879,20,,,0,30,,893,20,,,0,75,,892,20,,,0,80,,896,20,,,0,41,,878,20,,,0,80,,889,20,,,0,30,,910,20,,,0,70,,883,20,,,0,30,,901,20,,,0,70,,895,20,,,0,21,,907,20,,,0,59,,887,20,,,0,19,,906,20,,,0,20,,903,20,,,0,62,,905,20,,,0,26,,911,20,,,0,30,,890,20,,,0,75,,899,20,,,0,75,,902,20,,,0,35,,900,20,,,0,106,,904,20,,,0,106,,908,20,,,0
101,'5363',731,,930,20,,,0,86,,912,20,,,0,85,,933,20,,,0,36,,913,20,,,0,84,,928,20,,,0,35,,914,20,,,0,80,,915,20,,,0,77,,916,20,,,0,30,,932,20,,,0,70,,935,20,,,0,28,,917,20,,,0,70,,920,20,,,0,30,,919,20,,,0,70,,934,20,,,0,30,,923,20,,,0,70,,921,20,,,0,36,,918,20,,,0,75,,922,20,,,0,35,,926,20,,,0,75,,936,20,,,0,75,,924,20,,,0,35,,929,20,,,0,106,,927,20,,,0,106,,925,20,,,0,145,,931,20,,,0
101,'5365',918,,938,20,,,0,100,,937,20,,,0,106,,939,20,,,0,100,,940,20,,,0,101,,941,20,,,0,90,,942,20,,,0,100,,943,20,,,0,99,,944,20,,,0,91,,946,20,,,0,52,,947,20,,,0,99,,945,20,,,0
501,'5014',909,,1106,5,,,0,117,,1107,5,,,0,105,,1108,5,,,0,107,,1109,5,,,0,106,,1110,5,,,0,92,,1111,5,,,0,97,,1103,5,,,0,113,,1104,5,,,0
501,'5363',854,,1114,5,0,13 16,0,169,,1115,5,,,0,108,,1116,5,,,0,117,,1117,5,,,0,105,,1119,5,,,0,148,,1118,5,,,0,106,,1113,5,,,0,100,,1120,5,0,13 16,0,129,,1121,5,0,13 16,0
501,'5365',906,,1126,5,,,0,238,,1123,5,,,0,179,,1124,5,,,0,130,,1122,5,,,0,191,,1125,5,,,0
601,'4623',1605,,1128,34,,,0,305,,1127,34,,,0
601,'5014',650,,1138,34,,,0,95,,1135,34,,,0,100,,1139,34,,,0,102,,1129,34,,,0,103,,1140,34,,,0,105,,1132,34,,,0,150,,1141,34,,,0,95,,1137,34,,,0,100,,1133,34,,,0,200,,1134,34,,,0,115,,1130,34,,,0,190,,1131,34,,,0,50,,1136,34,,,0
601,'5222',1605,,1143,34,,,0,305,,1142,34,,,0
601,'5363',845,,1144,34,,,0,100,,1145,34,,,0,105,,1146,34,,,0,105,,1148,34,,,0,150,,1149,34,,,0,105,,1150,34,,,0,105,,1151,34,,,0,100,,1153,34,,,0,95,,1147,34,,,0,100,,1154,34,,,0,100,,1155,34,,,0,95,,1152,34,,,0,50,,1156,34,,,0
601,'5365',1030,,1157,34,,,0,205,,1158,34,,,0,175,,1159,34,,,0,130,,1160,34,,,0,175,,1161,34,,,0
1101,'5014',737,,1290,9,,,0,274,,1289,9,,,0,118,,1291,9,,,0,278,,1287,9,,,0,120,,1292,9,,,0,398,,1288,9,,,0,330,,1293,9,,,0
1101,'5363',1012,,1298,9,,,0,117,,1294,9,,,0,398,,1295,9,,,0,398,,1296,9,,,0,330,,1297,9,,,0
1201,'5014',729,,1311,20,,,0,125,,1308,20,,,0,447,,1309,20,,,0,158,,1307,20,,,0,300,,1310,20,,,0,142,,1312,20,,,0
1201,'5363',1258,,1314,14,,,0,600,,1313,14,,,0
1301,'5212',1028,,1315,17,,,0,214,,1316,17,,,0,486,,1317,17,,,0
9901,'5014',1612,,1351,8,,,0
