100,'4623',2347,,804,4,,,0
100,'5014',623,,807,4,,,0,30,,813,4,,,0,60,,819,4,,,0,20,,823,4,,,0,18,,805,4,,,0,56,,806,4,,,0,18,,814,4,,,0,21,,820,4,,,0,61,,824,4,,,0,20,,809,4,,,0,20,,812,4,,,0,65,,816,4,,,0,25,,810,4,,,0,72,,821,4,,,0,35,,817,4,,,0,80,,825,4,,,0,80,,808,4,,,0,40,,815,4,,,0,70,,837,4,,,0,30,,811,4,,,0,70,,827,4,,,0,30,,822,4,,,0,60,,834,4,,,0,20,,818,4,,,0,19,,833,4,,,0,59,,829,4,,,0,22,,832,4,,,0,28,,838,4,,,0,65,,826,4,,,0,36,,831,4,,,0,74,,830,4,,,0,75,,828,4,,,0,105,,835,4,,,0,105,,836,4,,,0
100,'5363',834,,856,4,,,0,80,,839,4,,,0,43,,861,4,,,0,80,,841,4,,,0,80,,840,4,,,0,41,,845,4,,,0,78,,848,4,,,0,70,,860,4,,,0,30,,863,4,,,0,70,,844,4,,,0,30,,847,4,,,0,70,,843,4,,,0,29,,862,4,,,0,67,,842,4,,,0,33,,849,4,,,0,74,,846,4,,,0,35,,851,4,,,0,73,,852,4,,,0,36,,850,4,,,0,74,,857,4,,,0,75,,853,4,,,0,105,,854,4,,,0,105,,855,4,,,0,135,,859,4,,,0
100,'5365',917,,873,4,,,0,42,,865,4,,,0,143,,864,4,,,0,45,,866,4,,,0,100,,867,4,,,0,101,,868,4,,,0,90,,869,4,,,0,100,,870,4,,,0,99,,871,4,,,0,100,,875,4,,,0,95,,874,4,,,0,102,,872,4,,,0
500,'5014',835,,1084,4,,,0,93,,1090,4,,,0,128,,1086,4,,,0,146,,1087,4,,,0,105,,1088,4,,,0,101,,1089,4,,,0,95,,1082,4,,,0,114,,1083,4,,,0
500,'5363',951,,1092,4,,,0,108,,1095,4,,,0,153,,1096,4,,,0,106,,1097,4,,,0,111,,1094,4,,,0,104,,1098,4,,,0,105,,1091,4,,,0
500,'5365',1113,,1099,4,,,0,130,,1100,4,,,0,171,,1101,4,,,0,144,,1102,4,,,0
800,'4623',1511,,1182,4,,,0
800,'5014',623,,1185,4,,,0,116,,1190,4,,,0,109,,1187,4,,,0,103,,1186,4,,,0,94,,1183,4,,,0,105,,1188,4,,,0,108,,1184,4,,,0,146,,1189,4,,,0,154,,1191,4,,,0,144,,1192,4,,,0,106,,1196,4,,,0,50,,1193,4,,,0,150,,1194,4,,,0,140,,1195,4,,,0
800,'5222',1511,,1197,4,,,0
800,'5363',829,,1209,4,0,7,0,92,,1206,4,,,0,120,,1203,4,,,0,109,,1207,4,,,0,157,,1204,4,,,0,105,,1208,4,,,0,108,,1205,4,,,0,105,,1198,4,,,0,108,,1199,4,,,0,115,,1200,4,,,0,161,,1201,4,,,0,139,,1202,4,,,0
800,'5365',940,,1210,4,,,0,202,,1211,4,,,0,176,,1212,4,,,0,130,,1213,4,,,0,175,,1215,4,,,0,193,,1214,4,,,0
1400,'5212',914,,1318,11,,,0,214,,1319,11,,,0,487,,1320,11,,,0
