100,'4623',2348,,804,5,,,0
100,'5014',624,,807,5,,,0,30,,813,5,,,0,60,,819,5,,,0,20,,823,5,,,0,18,,805,5,,,0,56,,806,5,,,0,18,,814,5,,,0,21,,820,5,,,0,61,,824,5,,,0,20,,809,5,,,0,20,,812,5,,,0,65,,816,5,,,0,25,,810,5,,,0,72,,821,5,,,0,35,,817,5,,,0,80,,825,5,,,0,80,,808,5,,,0,40,,815,5,,,0,70,,837,5,,,0,30,,811,5,,,0,70,,827,5,,,0,30,,822,5,,,0,60,,834,5,,,0,20,,818,5,,,0,19,,833,5,,,0,59,,829,5,,,0,22,,832,5,,,0,28,,838,5,,,0,65,,826,5,,,0,36,,831,5,,,0,74,,830,5,,,0,75,,828,5,,,0,105,,835,5,,,0,105,,836,5,,,0
100,'5363',835,,856,5,,,0,80,,839,5,,,0,43,,861,5,,,0,80,,841,5,,,0,80,,840,5,,,0,41,,845,5,,,0,78,,848,5,,,0,70,,860,5,,,0,30,,863,5,,,0,70,,844,5,,,0,30,,847,5,,,0,70,,843,5,,,0,29,,862,5,,,0,67,,842,5,,,0,33,,849,5,,,0,74,,846,5,,,0,35,,851,5,,,0,73,,852,5,,,0,36,,850,5,,,0,74,,857,5,,,0,75,,853,5,,,0,105,,854,5,,,0,105,,855,5,,,0,135,,859,5,,,0
100,'5365',918,,873,5,,,0,82,,865,5,,,0,103,,864,5,,,0,45,,866,5,,,0,100,,867,5,,,0,101,,868,5,,,0,90,,869,5,,,0,100,,870,5,,,0,99,,871,5,,,0,100,,875,5,,,0,95,,874,5,,,0,102,,872,5,,,0
400,'4623',1635,,1041,1,,,0,105,,1042,1,,,0
400,'5014',903,,1048,1,,,0,101,,1044,1,,,0,111,,1043,1,,,0,123,,1047,1,,,0,207,,1046,1,,,0,400,,1045,1,,,0
400,'5222',1635,,1049,1,,,0,105,,1050,1,,,0
400,'5363',945,,1056,1,,,0,101,,1051,1,,,0,154,,1053,1,,,0,104,,1054,1,,,0,196,,1052,1,,,0,105,,1058,1,,,0,115,,1055,1,,,0,132,,1057,1,,,0
400,'5365',1240,,1059,1,,,0,291,,1060,1,,,0,384,,1061,1,,,0
401,'4623',1738,,1062,9,4,,0
401,'5014',901,,1068,9,4,,0,101,,1065,9,4,,0,111,,1069,9,4,,0,123,,1066,9,4,,0,204,,1067,9,4,,0,166,,1064,9,4,,0,235,,1063,9,4,,0
401,'5222',1738,,1070,9,4,,0
401,'5363',856,,1071,9,4,,0,172,,1075,9,4,,0,117,,1072,9,4,,0,103,,1073,9,4,,0,210,,1074,9,4,,0,171,,1078,9,4,,0,99,,1077,9,4,,0,104,,1076,9,4,,0
401,'5365',904,,1079,9,4,,0,334,,1080,9,4,,0,291,,1081,9,4,,0
500,'5014',805,,1085,1,,,0,31,,1084,5,,,0,93,,1090,5,,,0,128,,1086,5,,,0,146,,1087,5,,,0,105,,1088,5,,,0,101,,1089,5,,,0,95,,1082,5,,,0,114,,1083,5,,,0
500,'5363',952,,1092,5,,,0,148,,1095,5,,,0,113,,1096,5,,,0,106,,1097,5,,,0,111,,1094,5,,,0,104,,1098,5,,,0,105,,1091,5,,,0
500,'5365',1114,,1099,5,,,0,130,,1100,5,,,0,171,,1101,5,,,0,144,,1102,5,,,0
701,'4623',1632,,1162,25,4,,0
701,'5014',804,,1168,25,4,,0,749,,1169,25,4,,0
701,'5222',1632,,1174,25,4,,0
701,'5363',906,,1176,25,4,,0,653,,1181,25,4,,0
800,'4623',1512,,1182,5,,,0
800,'5014',624,,1185,5,,,0,116,,1190,5,,,0,109,,1187,5,,,0,103,,1186,5,,,0,94,,1183,5,,,0,105,,1188,5,,,0,108,,1184,5,,,0,146,,1189,5,,,0,154,,1191,5,,,0,144,,1192,5,,,0,106,,1196,5,,,0,50,,1193,5,,,0,150,,1194,5,,,0,140,,1195,5,,,0
800,'5222',1512,,1197,5,,,0
800,'5363',830,,1209,5,0,7,0,92,,1206,5,,,0,120,,1203,5,,,0,109,,1207,5,,,0,157,,1204,5,,,0,105,,1208,5,,,0,108,,1205,5,,,0,105,,1198,5,,,0,108,,1199,5,,,0,115,,1200,5,,,0,161,,1201,5,,,0,139,,1202,5,,,0
800,'5365',941,,1210,5,,,0,202,,1211,5,,,0,176,,1212,5,,,0,130,,1213,5,,,0,175,,1215,5,,,0,193,,1214,5,,,0
1000,'4623',2157,,1248,13,,,0
1000,'5014',802,,1254,5,,,0,10,,1250,13,,,0,35,,1249,13,,,0,193,,1252,14,,,0,386,,1251,13,,,0,416,,1253,14,,,0
1000,'5222',2157,,1255,13,,,0
1000,'5363',1025,,1256,14,,,0,401,,1257,13,,,0,404,,1259,14,,,0,327,,1258,13,,,0
1001,'4623',2057,,1262,7,,,0
1001,'5014',707,,1266,7,,,0,39,,1263,7,,,0,166,,1264,7,0,10 11 2,0,409,,1267,7,,,0,393,,1265,7,0,10 11 2,0
1001,'5222',2057,,1268,7,,,0
1001,'5363',859,,1269,7,0,10 11 2,0,462,,1270,7,,,0,385,,1271,7,0,10 11 2,0,351,,1272,7,,,0
1400,'5212',915,,1318,12,,,0,214,,1319,12,,,0,487,,1320,12,,,0
1401,'5212',836,,1321,10,,,0,214,,1322,10,,,0,486,,1323,10,,,0
2001,'5014',1608,,1337,1,,,0
