200,'4623',1449,,948,1,,,0,874,,949,1,,,0
200,'5014',626,,962,1,,,0,85,,959,1,,,0,119,,960,1,,,0,100,,963,1,,,0,105,,957,1,,,0,105,,961,1,,,0,105,,958,1,,,0,96,,955,1,,,0,204,,956,1,,,0,85,,954,1,,,0,85,,964,1,,,0,35,,951,1,,,0,90,,953,1,,,0,110,,950,1,,,0,180,,952,1,,,0
200,'5222',1449,,965,1,,,0
200,'5363',811,,967,1,,,0,120,,966,1,,,0,108,,968,1,,,0,112,,969,1,,,0,105,,977,1,,,0,145,,971,1,,,0,105,,970,1,,,0,105,,972,1,,,0,99,,973,1,,,0,120,,974,1,,,0,121,,975,1,,,0,179,,976,1,,,0,193,,978,1,,,0
200,'5365',937,,979,1,,,0,113,,984,1,,,0,169,,980,1,,,0,132,,985,1,,,0,177,,982,1,,,0,184,,983,1,,,0,198,,981,1,,,0
201,'4623',2323,,986,8,4,,0
201,'5014',626,,992,8,4,,0,85,,993,8,4,,0,119,,995,8,4,,0,100,,990,8,4,,0,411,,989,8,4,,0,204,,991,8,4,,0,170,,996,8,4,,0,125,,988,8,4,,0,110,,987,8,4,,0,180,,994,8,4,,0
201,'5363',931,,998,8,4,,0,325,,1002,8,4,,0,145,,997,8,4,,0,309,,999,8,4,,0,120,,1000,8,4,,0,300,,1001,8,4,,0,193,,1003,8,4,,0
201,'5365',937,,1005,8,4,,0,113,,1007,8,4,,0,301,,1008,8,4,,0,361,,1006,8,4,,0,198,,1004,8,4,,0
2001,'4623',1449,,1336,10,4,,0
2001,'5014',1035,,1341,10,4,,0,105,,1339,10,4,,0,105,,1338,10,4,,0,385,,1337,12,4,,0,120,,1340,10,4,,0
2001,'5222',1449,,1342,10,4,,0
2001,'5363',811,,1343,10,4,,0,228,,1346,10,4,,0,112,,1345,10,4,,0,355,,1347,10,4,,0,105,,1348,10,4,,0,340,,1344,10,4,,0
2001,'5365',1219,,1350,10,4,,0,309,,1349,10,4,,0
