101,'4623',2310,,876,30,,,0
101,'5014',615,,881,30,,,0,29,,885,30,,,0,60,,891,30,,,0,19,,897,30,,,0,18,,880,30,,,0,17,,909,30,,,0,58,,884,30,,,0,20,,894,30,,,0,21,,898,30,,,0,59,,882,30,,,0,20,,886,30,,,0,65,,888,30,,,0,26,,879,30,,,0,30,,893,30,,,0,75,,892,30,,,0,80,,896,30,,,0,41,,878,30,,,0,80,,889,30,,,0,70,,910,30,,,0,30,,883,30,,,0,70,,901,30,,,0,30,,895,30,,,0,21,,907,30,,,0,59,,887,30,,,0,19,,906,30,,,0,20,,903,30,,,0,62,,905,30,,,0,26,,911,30,,,0,68,,890,30,,,0,35,,899,30,,,0,75,,902,30,,,0,35,,900,30,,,0,106,,904,30,,,0,146,,908,30,,,0
101,'5363',741,,930,30,,,0,86,,912,30,,,0,85,,933,30,,,0,37,,913,30,,,0,84,,928,30,,,0,76,,914,30,,,0,40,,915,30,,,0,77,,916,30,,,0,30,,932,30,,,0,70,,935,30,,,0,28,,917,30,,,0,70,,920,30,,,0,30,,919,30,,,0,70,,934,30,,,0,30,,923,30,,,0,70,,921,30,,,0,76,,918,30,,,0,35,,922,30,,,0,73,,926,30,,,0,35,,936,30,,,0,75,,924,30,,,0,35,,929,30,,,0,106,,927,30,,,0,146,,925,30,,,0,105,,931,30,,,0
101,'5365',929,,938,30,,,0,100,,937,30,,,0,106,,939,30,,,0,100,,940,30,,,0,101,,941,30,,,0,89,,942,30,,,0,100,,943,30,,,0,99,,944,30,,,0,91,,946,30,,,0,92,,947,30,,,0,98,,945,30,,,0
200,'4623',1504,,948,10,,,0,834,,949,10,,,0
200,'5014',641,,962,10,,,0,85,,959,10,,,0,119,,960,10,,,0,100,,963,10,,,0,105,,957,10,,,0,105,,961,10,,,0,145,,958,10,,,0,56,,955,10,,,0,244,,956,10,,,0,45,,954,10,,,0,85,,964,10,,,0,75,,951,10,,,0,50,,953,10,,,0,150,,950,10,,,0,140,,952,10,,,0
200,'5222',1504,,965,10,,,0
200,'5363',826,,967,10,,,0,120,,966,10,,,0,108,,968,10,,,0,152,,969,10,,,0,105,,977,10,,,0,105,,971,10,,,0,105,,970,10,,,0,105,,972,10,,,0,99,,973,10,,,0,120,,974,10,,,0,161,,975,10,,,0,139,,976,10,,,0,193,,978,10,,,0
200,'5365',952,,979,10,,,0,153,,984,10,,,0,129,,980,10,,,0,172,,985,10,,,0,137,,982,10,,,0,184,,983,10,,,0,198,,981,10,,,0
501,'5014',716,,1112,11,,,0,113,,1105,11,,,0,93,,1106,16,,,0,117,,1107,16,,,0,105,,1108,16,,,0,107,,1109,16,,,0,106,,1110,16,,,0,92,,1111,16,,,0,97,,1103,16,,,0,113,,1104,16,,,0
501,'5363',1035,,1115,16,,,0,108,,1116,16,,,0,157,,1117,16,,,0,105,,1119,16,,,0,108,,1118,16,,,0,106,,1113,16,,,0
501,'5365',918,,1126,16,,,0,238,,1123,16,,,0,179,,1124,16,,,0,170,,1122,16,,,0,151,,1125,16,,,0
801,'4623',1425,,1216,23,,,0
801,'5014',658,,1219,23,,,0,150,,1217,23,,,0,104,,1218,23,,,0,100,,1220,23,,,0,105,,1221,23,,,0,105,,1222,23,,,0,103,,1223,23,,,0,200,,1224,23,,,0,100,,1229,23,,,0,105,,1225,23,,,0,97,,1227,23,,,0,110,,1226,23,,,0,181,,1228,23,,,0
801,'5222',1425,,1230,23,,,0
801,'5363',912,,1232,23,,,0,100,,1233,23,,,0,112,,1240,23,,,0,108,,1234,23,,,0,111,,1241,23,,,0,100,,1231,23,,,0,105,,1235,23,,,0,106,,1236,23,,,0,163,,1237,23,,,0,114,,1238,23,,,0,187,,1239,23,,,0
801,'5365',1056,,1245,23,,,0,203,,1242,23,,,0,174,,1243,23,,,0,175,,1244,23,,,0,130,,1247,23,,,0,119,,1246,23,,,0
1001,'4623',2059,,1262,8,,,0
1001,'5014',710,,1266,8,,,0,39,,1263,9,,,0,166,,1264,8,0,10 11 2,0,409,,1267,8,,,0,393,,1265,8,0,10 11 2,0
1001,'5222',2059,,1268,8,,,0
1001,'5363',902,,1269,8,0,10 11 2,0,422,,1270,8,,,0,385,,1271,8,0,10 11 2,0,350,,1272,8,,,0
1001,'5365',1036,,1273,3,,,0,687,,1274,3,,,0
1401,'5212',838,,1321,12,,,0,214,,1322,12,,,0,486,,1323,12,,,0
2001,'4623',1432,,1336,3,,,0
2001,'5014',1018,,1341,3,,,0,105,,1339,3,,,0,105,,1338,3,,,0,382,,1337,2,,,0,3,,1337,5,,,0,120,,1340,3,,,0
2001,'5222',1432,,1342,3,,,0
2001,'5363',755,,1343,3,,,0,267,,1346,3,,,0,112,,1345,3,,,0,315,,1347,3,,,0,105,,1348,3,,,0,380,,1344,3,,,0
2001,'5365',1202,,1350,3,,,0,309,,1349,3,,,0
