100,'4623',2410,,804,30,,,0
100,'5014',646,,807,30,,,0,70,,813,30,,,0,20,,819,30,,,0,20,,823,30,,,0,60,,805,30,,,0,19,,806,30,,,0,20,,814,30,,,0,60,,820,30,,,0,21,,824,30,,,0,20,,809,30,,,0,60,,812,30,,,0,25,,816,30,,,0,65,,810,30,,,0,32,,821,30,,,0,75,,817,30,,,0,41,,825,30,,,0,80,,808,30,,,0,80,,815,30,,,0,31,,837,30,,,0,69,,811,30,,,0,30,,827,30,,,0,69,,822,30,,,0,20,,834,30,,,0,20,,818,30,,,0,59,,833,30,,,0,18,,829,30,,,0,22,,832,30,,,0,64,,838,30,,,0,25,,826,30,,,0,75,,831,30,,,0,34,,830,30,,,0,75,,828,30,,,0,105,,835,30,,,0,105,,836,30,,,0
100,'5363',750,,858,19,,,0,109,,856,30,,,0,81,,839,30,,,0,83,,861,30,,,0,80,,841,30,,,0,40,,840,30,,,0,81,,845,30,,,0,79,,848,30,,,0,31,,860,30,,,0,70,,863,30,,,0,30,,844,30,,,0,70,,847,30,,,0,30,,843,30,,,0,69,,862,30,,,0,27,,842,30,,,0,73,,849,30,,,0,34,,846,30,,,0,72,,851,30,,,0,32,,852,30,,,0,75,,850,30,,,0,34,,857,30,,,0,75,,853,30,,,0,105,,854,30,,,0,105,,855,30,,,0,175,,859,30,,,0
100,'5365',943,,873,30,,,0,82,,865,30,,,0,103,,864,30,,,0,85,,866,30,,,0,100,,867,30,,,0,101,,868,30,,,0,90,,869,30,,,0,100,,870,30,,,0,99,,871,30,,,0,98,,875,30,,,0,55,,874,30,,,0,101,,872,30,,,0
400,'4623',1646,,1041,8,,,0,104,,1042,8,,,0
400,'5014',914,,1048,8,,,0,101,,1044,8,,,0,111,,1043,8,,,0,123,,1047,8,,,0,207,,1046,8,,,0,399,,1045,8,,,0
400,'5222',1646,,1049,8,,,0,104,,1050,8,,,0
400,'5363',956,,1056,8,,,0,101,,1051,8,,,0,154,,1053,8,,,0,104,,1054,8,,,0,196,,1052,8,,,0,105,,1058,8,,,0,114,,1055,8,,,0,172,,1057,8,,,0
400,'5365',1251,,1059,8,,,0,291,,1060,8,,,0,383,,1061,8,,,0
1500,'5364',937,,1329,9,,,0,80,,1327,9,,,0,40,,1328,9,,,0,279,,1326,9,,,0,80,,1325,9,,,0,40,,1324,9,,,0
