100,'4623',2352,,804,11,,,0
100,'5014',628,,807,11,,,0,30,,813,11,,,0,60,,819,11,,,0,20,,823,11,,,0,18,,805,11,,,0,58,,806,11,,,0,19,,814,11,,,0,21,,820,11,,,0,61,,824,11,,,0,20,,809,11,,,0,20,,812,11,,,0,65,,816,11,,,0,25,,810,11,,,0,72,,821,11,,,0,35,,817,11,,,0,80,,825,11,,,0,80,,808,11,,,0,40,,815,11,,,0,70,,837,11,,,0,29,,811,11,,,0,70,,827,11,,,0,30,,822,11,,,0,60,,834,11,,,0,20,,818,11,,,0,19,,833,11,,,0,59,,829,11,,,0,22,,832,11,,,0,26,,838,11,,,0,65,,826,11,,,0,36,,831,11,,,0,74,,830,11,,,0,75,,828,11,,,0,105,,835,11,,,0,105,,836,11,,,0
100,'5363',840,,856,11,,,0,80,,839,11,,,0,83,,861,11,,,0,40,,841,11,,,0,80,,840,11,,,0,81,,845,11,,,0,38,,848,11,,,0,70,,860,11,,,0,30,,863,11,,,0,70,,844,11,,,0,30,,847,11,,,0,70,,843,11,,,0,29,,862,11,,,0,67,,842,11,,,0,33,,849,11,,,0,74,,846,11,,,0,34,,851,11,,,0,73,,852,11,,,0,36,,850,11,,,0,74,,857,11,,,0,75,,853,11,,,0,105,,854,11,,,0,105,,855,11,,,0,135,,859,11,,,0
100,'5365',923,,873,11,,,0,82,,865,11,,,0,103,,864,11,,,0,45,,866,11,,,0,100,,867,11,,,0,101,,868,11,,,0,90,,869,11,,,0,100,,870,11,,,0,99,,871,11,,,0,99,,875,11,,,0,95,,874,11,,,0,102,,872,11,,,0
500,'5014',811,,1085,9,,,0,30,,1084,13,,,0,93,,1090,13,,,0,169,,1086,13,,,0,107,,1087,13,,,0,106,,1088,13,,,0,101,,1089,13,,,0,95,,1082,13,,,0,114,,1083,13,,,0
500,'5363',959,,1092,13,,,0,148,,1095,13,,,0,114,,1096,13,,,0,106,,1097,13,,,0,111,,1094,13,,,0,104,,1098,13,,,0,105,,1091,13,,,0
500,'5365',1120,,1099,13,,,0,131,,1100,13,,,0,171,,1101,13,,,0,184,,1102,13,,,0
701,'4623',2045,,1163,16,0,12,0
701,'5014',700,,1165,16,0,12,0,213,,1170,16,0,12,0,112,,1171,16,0,12,0,95,,1166,16,0,12,0,110,,1172,16,0,12,0,196,,1167,16,0,12,0,301,,1173,16,0,12,0,108,,1164,16,0,12,0
701,'5222',2045,,1175,16,0,12,0
701,'5363',1110,,1180,16,0,12,0,207,,1177,16,0,12,0,413,,1179,16,0,12,0,315,,1178,16,0,12,0
800,'4623',1525,,1182,20,,,0
800,'5014',637,,1185,20,,,0,116,,1190,20,,,0,149,,1187,20,,,0,103,,1186,20,,,0,54,,1183,20,,,0,145,,1188,20,,,0,108,,1184,20,,,0,106,,1189,20,,,0,194,,1191,20,,,0,104,,1192,20,,,0,106,,1196,20,,,0,90,,1193,20,,,0,110,,1194,20,,,0,180,,1195,20,,,0
800,'5222',1525,,1197,20,,,0
800,'5363',844,,1209,20,0,7,0,92,,1206,20,,,0,120,,1203,20,,,0,149,,1207,20,,,0,117,,1204,20,,,0,105,,1208,20,,,0,108,,1205,20,,,0,105,,1198,20,,,0,108,,1199,20,,,0,155,,1200,20,,,0,121,,1201,20,,,0,178,,1202,20,,,0
800,'5365',954,,1210,20,,,0,202,,1211,20,,,0,176,,1212,20,,,0,170,,1213,20,,,0,135,,1215,20,,,0,193,,1214,20,,,0
1400,'5212',922,,1318,18,,,0,214,,1319,18,,,0,487,,1320,18,,,0
