101,'4623',2258,,876,17,,,0
101,'5014',603,,881,17,,,0,29,,885,17,,,0,20,,891,17,,,0,59,,897,17,,,0,18,,880,17,,,0,16,,909,17,,,0,14,,877,14,0,13,0,44,,884,17,,,0,20,,894,17,,,0,20,,898,17,,,0,59,,882,17,,,0,20,,886,17,,,0,25,,888,17,,,0,66,,879,17,,,0,30,,893,17,,,0,75,,892,17,,,0,40,,896,17,,,0,80,,878,17,,,0,80,,889,17,,,0,30,,910,17,,,0,70,,883,17,,,0,30,,901,17,,,0,70,,895,17,,,0,21,,907,17,,,0,19,,887,17,,,0,59,,906,17,,,0,20,,903,17,,,0,63,,905,17,,,0,26,,911,17,,,0,29,,890,17,,,0,75,,899,17,,,0,75,,902,17,,,0,35,,900,17,,,0,107,,904,17,,,0,106,,908,17,,,0
101,'5363',728,,930,17,,,0,86,,912,17,,,0,45,,933,17,,,0,77,,913,17,,,0,83,,928,17,,,0,35,,914,17,,,0,80,,915,17,,,0,77,,916,17,,,0,30,,932,17,,,0,70,,935,17,,,0,29,,917,17,,,0,70,,920,17,,,0,30,,919,17,,,0,70,,934,17,,,0,30,,923,17,,,0,70,,921,17,,,0,36,,918,17,,,0,75,,922,17,,,0,34,,926,17,,,0,75,,936,17,,,0,75,,924,17,,,0,35,,929,17,,,0,107,,927,17,,,0,106,,925,17,,,0,105,,931,17,,,0
101,'5365',916,,938,17,,,0,100,,937,17,,,0,106,,939,17,,,0,100,,940,17,,,0,100,,941,17,,,0,90,,942,17,,,0,100,,943,17,,,0,100,,944,17,,,0,91,,946,17,,,0,52,,947,17,,,0,98,,945,17,,,0
601,'4623',1602,,1128,31,,,0,305,,1127,31,,,0
601,'5014',647,,1138,31,,,0,95,,1135,31,,,0,100,,1139,31,,,0,102,,1129,31,,,0,103,,1140,31,,,0,105,,1132,31,,,0,150,,1141,31,,,0,55,,1137,31,,,0,100,,1133,31,,,0,200,,1134,31,,,0,155,,1130,31,,,0,190,,1131,31,,,0,50,,1136,31,,,0
601,'5222',1602,,1143,31,,,0,305,,1142,31,,,0
601,'5363',842,,1144,31,,,0,100,,1145,31,,,0,105,,1146,31,,,0,105,,1148,31,,,0,150,,1149,31,,,0,105,,1150,31,,,0,105,,1151,31,,,0,100,,1153,31,,,0,95,,1147,31,,,0,100,,1154,31,,,0,100,,1155,31,,,0,95,,1152,31,,,0,50,,1156,31,,,0
601,'5365',1027,,1157,31,,,0,205,,1158,31,,,0,175,,1159,31,,,0,130,,1160,31,,,0,175,,1161,31,,,0
1101,'5014',735,,1290,6,,,0,273,,1289,6,,,0,118,,1291,6,,,0,278,,1287,6,,,0,120,,1292,6,,,0,399,,1288,6,,,0,330,,1293,6,,,0
1101,'5363',1009,,1298,6,,,0,117,,1294,6,,,0,398,,1295,6,,,0,399,,1296,6,,,0,330,,1297,6,,,0
1201,'5014',726,,1311,17,,,0,125,,1308,17,,,0,407,,1309,17,,,0,198,,1307,17,,,0,300,,1310,17,,,0,102,,1312,17,,,0
9901,'5014',1609,,1351,5,,,0
