100,'4623',2355,,804,15,,,0
100,'5014',631,,807,15,,,0,70,,813,15,,,0,20,,819,15,,,0,20,,823,15,,,0,59,,805,15,,,0,18,,806,15,,,0,19,,814,15,,,0,21,,820,15,,,0,61,,824,15,,,0,20,,809,15,,,0,20,,812,15,,,0,65,,816,15,,,0,25,,810,15,,,0,72,,821,15,,,0,35,,817,15,,,0,80,,825,15,,,0,80,,808,15,,,0,40,,815,15,,,0,70,,837,15,,,0,29,,811,15,,,0,70,,827,15,,,0,30,,822,15,,,0,60,,834,15,,,0,20,,818,15,,,0,19,,833,15,,,0,59,,829,15,,,0,22,,832,15,,,0,65,,838,15,,,0,25,,826,15,,,0,76,,831,15,,,0,34,,830,15,,,0,75,,828,15,,,0,105,,835,15,,,0,105,,836,15,,,0
100,'5363',736,,858,4,,,0,108,,856,15,,,0,80,,839,15,,,0,83,,861,15,,,0,40,,841,15,,,0,80,,840,15,,,0,81,,845,15,,,0,38,,848,15,,,0,70,,860,15,,,0,30,,863,15,,,0,70,,844,15,,,0,30,,847,15,,,0,70,,843,15,,,0,29,,862,15,,,0,67,,842,15,,,0,33,,849,15,,,0,74,,846,15,,,0,34,,851,15,,,0,72,,852,15,,,0,76,,850,15,,,0,34,,857,15,,,0,75,,853,15,,,0,105,,854,15,,,0,105,,855,15,,,0,135,,859,15,,,0
100,'5365',927,,873,15,,,0,82,,865,15,,,0,103,,864,15,,,0,45,,866,15,,,0,100,,867,15,,,0,101,,868,15,,,0,90,,869,15,,,0,100,,870,15,,,0,99,,871,15,,,0,99,,875,15,,,0,95,,874,15,,,0,102,,872,15,,,0
601,'4623',1537,,1128,4,,,0,305,,1127,4,,,0
601,'5014',622,,1138,4,,,0,95,,1135,4,,,0,100,,1139,4,,,0,102,,1129,4,,,0,103,,1140,4,,,0,105,,1132,4,,,0,110,,1141,4,,,0,95,,1137,4,,,0,100,,1133,4,,,0,200,,1134,4,,,0,115,,1130,4,,,0,190,,1131,4,,,0,90,,1136,4,,,0
601,'5222',1537,,1143,4,,,0,305,,1142,4,,,0
601,'5363',817,,1144,4,,,0,100,,1145,4,,,0,105,,1146,4,,,0,105,,1148,4,,,0,110,,1149,4,,,0,105,,1150,4,,,0,105,,1151,4,,,0,100,,1153,4,,,0,95,,1147,4,,,0,100,,1154,4,,,0,100,,1155,4,,,0,95,,1152,4,,,0,90,,1156,4,,,0
601,'5365',1002,,1157,4,,,0,205,,1158,4,,,0,135,,1159,4,,,0,170,,1160,4,,,0,135,,1161,4,,,0
1100,'5014',657,,1278,4,,,0,269,,1279,4,,,0,117,,1275,4,,,0,277,,1276,4,,,0,120,,1280,4,,,0,402,,1277,4,,,0,371,,1281,4,,,0
1100,'5363',926,,1286,4,,,0,117,,1282,4,,,0,397,,1283,4,,,0,402,,1284,4,,,0,371,,1285,4,,,0
1301,'5212',939,,1315,4,,,0,214,,1316,4,,,0,486,,1317,4,,,0
