100,'4623',2400,,804,17,,,0
100,'5014',636,,807,17,,,0,70,,813,17,,,0,20,,819,17,,,0,20,,823,17,,,0,59,,805,17,,,0,18,,806,17,,,0,19,,814,17,,,0,61,,820,17,,,0,21,,824,17,,,0,20,,809,17,,,0,60,,812,17,,,0,25,,816,17,,,0,25,,810,17,,,0,72,,821,17,,,0,75,,817,17,,,0,41,,825,17,,,0,80,,808,17,,,0,80,,815,17,,,0,30,,837,17,,,0,69,,811,17,,,0,30,,827,17,,,0,70,,822,17,,,0,20,,834,17,,,0,20,,818,17,,,0,59,,833,17,,,0,18,,829,17,,,0,22,,832,17,,,0,65,,838,17,,,0,25,,826,17,,,0,76,,831,17,,,0,34,,830,17,,,0,75,,828,17,,,0,105,,835,17,,,0,105,,836,17,,,0
100,'5363',741,,858,6,,,0,108,,856,17,,,0,80,,839,17,,,0,83,,861,17,,,0,40,,841,17,,,0,80,,840,17,,,0,81,,845,17,,,0,38,,848,17,,,0,71,,860,17,,,0,30,,863,17,,,0,70,,844,17,,,0,30,,847,17,,,0,70,,843,17,,,0,29,,862,17,,,0,67,,842,17,,,0,33,,849,17,,,0,74,,846,17,,,0,33,,851,17,,,0,72,,852,17,,,0,76,,850,17,,,0,34,,857,17,,,0,75,,853,17,,,0,105,,854,17,,,0,105,,855,17,,,0,175,,859,17,,,0
100,'5365',932,,873,17,,,0,82,,865,17,,,0,103,,864,17,,,0,85,,866,17,,,0,100,,867,17,,,0,101,,868,17,,,0,50,,869,17,,,0,100,,870,17,,,0,99,,871,17,,,0,99,,875,17,,,0,95,,874,17,,,0,102,,872,17,,,0
601,'4623',1553,,1128,21,,,0,305,,1127,21,,,0
601,'5014',638,,1138,21,,,0,95,,1135,21,,,0,100,,1139,21,,,0,102,,1129,21,,,0,103,,1140,21,,,0,105,,1132,21,,,0,110,,1141,21,,,0,95,,1137,21,,,0,100,,1133,21,,,0,200,,1134,21,,,0,155,,1130,21,,,0,150,,1131,21,,,0,90,,1136,21,,,0
601,'5222',1553,,1143,21,,,0,305,,1142,21,,,0
601,'5363',833,,1144,21,,,0,100,,1145,21,,,0,105,,1146,21,,,0,105,,1148,21,,,0,110,,1149,21,,,0,105,,1150,21,,,0,145,,1151,21,,,0,100,,1153,21,,,0,55,,1147,21,,,0,100,,1154,21,,,0,100,,1155,21,,,0,95,,1152,21,,,0,90,,1156,21,,,0
601,'5365',1018,,1157,21,,,0,205,,1158,21,,,0,135,,1159,21,,,0,170,,1160,21,,,0,175,,1161,21,,,0
1100,'5014',702,,1278,6,,,0,230,,1279,6,,,0,117,,1275,6,,,0,277,,1276,6,,,0,120,,1280,6,,,0,401,,1277,6,,,0,370,,1281,6,,,0
1100,'5363',932,,1286,6,,,0,117,,1282,6,,,0,397,,1283,6,,,0,401,,1284,6,,,0,370,,1285,6,,,0
1301,'5212',945,,1315,7,,,0,214,,1316,7,,,0,486,,1317,7,,,0
1500,'5364',921,,1329,1,,,0,80,,1327,1,,,0,40,,1328,1,,,0,279,,1326,1,,,0,80,,1325,1,,,0,40,,1324,1,,,0
1501,'5364',918,,1333,10,4,,0,40,,1334,10,4,,0,80,,1335,10,4,,0,280,,1330,10,4,,0,39,,1331,10,4,,0,80,,1332,10,4,,0
