101,'4623',2307,,876,29,,,0
101,'5014',612,,881,29,,,0,29,,885,29,,,0,60,,891,29,,,0,19,,897,29,,,0,18,,880,29,,,0,17,,909,29,,,0,58,,884,29,,,0,20,,894,29,,,0,21,,898,29,,,0,59,,882,29,,,0,20,,886,29,,,0,25,,888,29,,,0,66,,879,29,,,0,30,,893,29,,,0,75,,892,29,,,0,80,,896,29,,,0,41,,878,29,,,0,80,,889,29,,,0,70,,910,29,,,0,30,,883,29,,,0,70,,901,29,,,0,30,,895,29,,,0,21,,907,29,,,0,59,,887,29,,,0,19,,906,29,,,0,20,,903,29,,,0,62,,905,29,,,0,26,,911,29,,,0,68,,890,29,,,0,35,,899,29,,,0,75,,902,29,,,0,35,,900,29,,,0,106,,904,29,,,0,146,,908,29,,,0
101,'5363',739,,930,29,,,0,86,,912,29,,,0,85,,933,29,,,0,37,,913,29,,,0,84,,928,29,,,0,75,,914,29,,,0,40,,915,29,,,0,77,,916,29,,,0,30,,932,29,,,0,70,,935,29,,,0,28,,917,29,,,0,70,,920,29,,,0,30,,919,29,,,0,70,,934,29,,,0,30,,923,29,,,0,70,,921,29,,,0,36,,918,29,,,0,75,,922,29,,,0,73,,926,29,,,0,35,,936,29,,,0,75,,924,29,,,0,35,,929,29,,,0,106,,927,29,,,0,146,,925,29,,,0,105,,931,29,,,0
101,'5365',927,,938,29,,,0,100,,937,29,,,0,106,,939,29,,,0,100,,940,29,,,0,101,,941,29,,,0,89,,942,29,,,0,100,,943,29,,,0,99,,944,29,,,0,91,,946,29,,,0,92,,947,29,,,0,98,,945,29,,,0
501,'5014',714,,1112,10,,,0,113,,1105,10,,,0,93,,1106,15,,,0,117,,1107,15,,,0,105,,1108,15,,,0,107,,1109,15,,,0,106,,1110,15,,,0,92,,1111,15,,,0,97,,1103,15,,,0,113,,1104,15,,,0
501,'5363',1033,,1115,15,,,0,108,,1116,15,,,0,117,,1117,15,,,0,145,,1119,15,,,0,108,,1118,15,,,0,106,,1113,15,,,0
501,'5365',916,,1126,15,,,0,238,,1123,15,,,0,179,,1124,15,,,0,170,,1122,15,,,0,151,,1125,15,,,0
701,'4623',1631,,1162,24,,,0
701,'5014',803,,1168,24,,,0,749,,1169,24,,,0
701,'5222',1631,,1174,24,,,0
701,'5363',905,,1176,24,,,0,653,,1181,24,,,0
801,'4623',1423,,1216,22,,,0
801,'5014',656,,1219,22,,,0,150,,1217,22,,,0,104,,1218,22,,,0,100,,1220,22,,,0,105,,1221,22,,,0,105,,1222,22,,,0,103,,1223,22,,,0,200,,1224,22,,,0,100,,1229,22,,,0,105,,1225,22,,,0,97,,1227,22,,,0,110,,1226,22,,,0,181,,1228,22,,,0
801,'5222',1423,,1230,22,,,0
801,'5363',910,,1232,22,,,0,100,,1233,22,,,0,112,,1240,22,,,0,108,,1234,22,,,0,111,,1241,22,,,0,100,,1231,22,,,0,105,,1235,22,,,0,106,,1236,22,,,0,163,,1237,22,,,0,114,,1238,22,,,0,187,,1239,22,,,0
801,'5365',1054,,1245,22,,,0,203,,1242,22,,,0,174,,1243,22,,,0,175,,1244,22,,,0,130,,1247,22,,,0,119,,1246,22,,,0
1001,'5014',746,,1263,8,,,0
1401,'5212',835,,1321,9,,,0,1,,1321,11,,,0,213,,1322,9,,,0,1,,1322,11,,,0,485,,1323,9,,,0,1,,1323,11,,,0
