100,'4623',2354,,804,13,,,0
100,'5014',630,,807,13,,,0,70,,813,13,,,0,20,,819,13,,,0,20,,823,13,,,0,18,,805,13,,,0,58,,806,13,,,0,19,,814,13,,,0,21,,820,13,,,0,61,,824,13,,,0,20,,809,13,,,0,20,,812,13,,,0,65,,816,13,,,0,25,,810,13,,,0,72,,821,13,,,0,35,,817,13,,,0,80,,825,13,,,0,80,,808,13,,,0,40,,815,13,,,0,70,,837,13,,,0,29,,811,13,,,0,70,,827,13,,,0,30,,822,13,,,0,60,,834,13,,,0,20,,818,13,,,0,19,,833,13,,,0,59,,829,13,,,0,22,,832,13,,,0,26,,838,13,,,0,65,,826,13,,,0,76,,831,13,,,0,34,,830,13,,,0,75,,828,13,,,0,105,,835,13,,,0,105,,836,13,,,0
100,'5363',734,,858,2,,,0,108,,856,13,,,0,80,,839,13,,,0,83,,861,13,,,0,40,,841,13,,,0,80,,840,13,,,0,81,,845,13,,,0,38,,848,13,,,0,70,,860,13,,,0,30,,863,13,,,0,70,,844,13,,,0,30,,847,13,,,0,70,,843,13,,,0,29,,862,13,,,0,67,,842,13,,,0,33,,849,13,,,0,74,,846,13,,,0,34,,851,13,,,0,73,,852,13,,,0,76,,850,13,,,0,34,,857,13,,,0,75,,853,13,,,0,105,,854,13,,,0,105,,855,13,,,0,135,,859,13,,,0
100,'5365',925,,873,13,,,0,82,,865,13,,,0,103,,864,13,,,0,45,,866,13,,,0,100,,867,13,,,0,101,,868,13,,,0,90,,869,13,,,0,100,,870,13,,,0,99,,871,13,,,0,99,,875,13,,,0,95,,874,13,,,0,102,,872,13,,,0
500,'5014',813,,1085,11,,,0,30,,1084,15,,,0,93,,1090,15,,,0,169,,1086,15,,,0,107,,1087,15,,,0,106,,1088,15,,,0,101,,1089,15,,,0,95,,1082,15,,,0,114,,1083,15,,,0
500,'5363',846,,1093,2,,,0,155,,1092,15,,,0,108,,1095,15,,,0,114,,1096,15,,,0,106,,1097,15,,,0,111,,1094,15,,,0,104,,1098,15,,,0,105,,1091,15,,,0
500,'5365',1122,,1099,15,,,0,131,,1100,15,,,0,171,,1101,15,,,0,184,,1102,15,,,0
601,'4623',1536,,1128,2,,,0,305,,1127,2,,,0
601,'5014',621,,1138,2,,,0,95,,1135,2,,,0,100,,1139,2,,,0,102,,1129,2,,,0,103,,1140,2,,,0,105,,1132,2,,,0,110,,1141,2,,,0,95,,1137,2,,,0,100,,1133,2,,,0,200,,1134,2,,,0,115,,1130,2,,,0,190,,1131,2,,,0,90,,1136,2,,,0
601,'5222',1536,,1143,2,,,0,305,,1142,2,,,0
601,'5363',816,,1144,2,,,0,100,,1145,2,,,0,105,,1146,2,,,0,105,,1148,2,,,0,110,,1149,2,,,0,105,,1150,2,,,0,105,,1151,2,,,0,100,,1153,2,,,0,95,,1147,2,,,0,100,,1154,2,,,0,100,,1155,2,,,0,95,,1152,2,,,0,90,,1156,2,,,0
601,'5365',1001,,1157,2,,,0,205,,1158,2,,,0,135,,1159,2,,,0,170,,1160,2,,,0,135,,1161,2,,,0
1100,'5014',656,,1278,2,,,0,269,,1279,2,,,0,117,,1275,2,,,0,276,,1276,2,,,0,120,,1280,2,,,0,403,,1277,2,,,0,371,,1281,2,,,0
1100,'5363',925,,1286,2,,,0,117,,1282,2,,,0,397,,1283,2,,,0,402,,1284,2,,,0,371,,1285,2,,,0
1200,'5014',607,,1304,2,,,0,125,,1303,2,,,0,406,,1302,2,,,0,193,,1299,2,,,0,306,,1301,2,,,0,100,,1300,2,,,0
1200,'5363',1138,,1305,2,,,0,599,,1306,2,,,0
1301,'5212',938,,1315,2,,,0,214,,1316,2,,,0,486,,1317,2,,,0
