100,'4623',2355,,804,14,,,0
100,'5014',631,,807,14,,,0,70,,813,14,,,0,20,,819,14,,,0,20,,823,14,,,0,18,,805,14,,,0,58,,806,14,,,0,19,,814,14,,,0,21,,820,14,,,0,61,,824,14,,,0,20,,809,14,,,0,20,,812,14,,,0,65,,816,14,,,0,25,,810,14,,,0,72,,821,14,,,0,35,,817,14,,,0,80,,825,14,,,0,80,,808,14,,,0,40,,815,14,,,0,70,,837,14,,,0,29,,811,14,,,0,70,,827,14,,,0,30,,822,14,,,0,60,,834,14,,,0,20,,818,14,,,0,19,,833,14,,,0,59,,829,14,,,0,22,,832,14,,,0,66,,838,14,,,0,25,,826,14,,,0,76,,831,14,,,0,34,,830,14,,,0,75,,828,14,,,0,105,,835,14,,,0,105,,836,14,,,0
100,'5363',735,,858,3,,,0,108,,856,14,,,0,80,,839,14,,,0,83,,861,14,,,0,40,,841,14,,,0,80,,840,14,,,0,81,,845,14,,,0,38,,848,14,,,0,70,,860,14,,,0,30,,863,14,,,0,70,,844,14,,,0,30,,847,14,,,0,70,,843,14,,,0,29,,862,14,,,0,67,,842,14,,,0,33,,849,14,,,0,74,,846,14,,,0,34,,851,14,,,0,73,,852,14,,,0,76,,850,14,,,0,34,,857,14,,,0,75,,853,14,,,0,105,,854,14,,,0,105,,855,14,,,0,135,,859,14,,,0
100,'5365',926,,873,14,,,0,82,,865,14,,,0,103,,864,14,,,0,45,,866,14,,,0,100,,867,14,,,0,101,,868,14,,,0,90,,869,14,,,0,100,,870,14,,,0,99,,871,14,,,0,99,,875,14,,,0,95,,874,14,,,0,102,,872,14,,,0
500,'5014',814,,1085,12,,,0,30,,1084,16,,,0,93,,1090,16,,,0,169,,1086,16,,,0,107,,1087,16,,,0,106,,1088,16,,,0,101,,1089,16,,,0,95,,1082,16,,,0,114,,1083,16,,,0
500,'5363',847,,1093,3,,,0,155,,1092,16,,,0,108,,1095,16,,,0,114,,1096,16,,,0,106,,1097,16,,,0,111,,1094,16,,,0,104,,1098,16,,,0,105,,1091,16,,,0
500,'5365',1123,,1099,16,,,0,131,,1100,16,,,0,171,,1101,16,,,0,184,,1102,16,,,0
601,'4623',1537,,1128,3,,,0,305,,1127,3,,,0
601,'5014',622,,1138,3,,,0,95,,1135,3,,,0,100,,1139,3,,,0,102,,1129,3,,,0,103,,1140,3,,,0,105,,1132,3,,,0,110,,1141,3,,,0,95,,1137,3,,,0,100,,1133,3,,,0,200,,1134,3,,,0,115,,1130,3,,,0,190,,1131,3,,,0,90,,1136,3,,,0
601,'5222',1537,,1143,3,,,0,305,,1142,3,,,0
601,'5363',817,,1144,3,,,0,100,,1145,3,,,0,105,,1146,3,,,0,105,,1148,3,,,0,110,,1149,3,,,0,105,,1150,3,,,0,105,,1151,3,,,0,100,,1153,3,,,0,95,,1147,3,,,0,100,,1154,3,,,0,100,,1155,3,,,0,95,,1152,3,,,0,90,,1156,3,,,0
601,'5365',1002,,1157,3,,,0,205,,1158,3,,,0,135,,1159,3,,,0,170,,1160,3,,,0,135,,1161,3,,,0
1100,'5014',656,,1278,3,,,0,270,,1279,3,,,0,117,,1275,3,,,0,276,,1276,3,,,0,120,,1280,3,,,0,402,,1277,3,,,0,371,,1281,3,,,0
1100,'5363',926,,1286,3,,,0,117,,1282,3,,,0,397,,1283,3,,,0,401,,1284,3,,,0,371,,1285,3,,,0
1200,'5014',607,,1304,3,,,0,125,,1303,3,,,0,406,,1302,3,,,0,193,,1299,3,,,0,306,,1301,3,,,0,100,,1300,3,,,0
1200,'5363',1138,,1305,3,,,0,599,,1306,3,,,0
1301,'5212',939,,1315,3,,,0,214,,1316,3,,,0,486,,1317,3,,,0
