100,'4332',748,,57,5,,,0,99,,55,16,,,0,80,,38,16,,,0,80,,60,16,,,0,40,,40,16,,,0,80,,39,16,,,0,91,,42,16,,,0,30,,47,16,,,0,75,,59,16,,,0,26,,62,16,,,0,70,,41,16,,,0,30,,46,16,,,0,70,,44,16,,,0,29,,61,16,,,0,75,,43,16,,,0,30,,48,16,,,0,75,,561,16,,,0,84,,563,16,,,0,35,,564,16,,,0,81,,562,16,,,0,77,,52,16,,,0,36,,565,16,,,0,75,,53,16,,,0,105,,54,16,,,0,135,,58,16,,,0
100,'4480',633,,9,16,,,0,70,,567,16,,,0,18,,21,16,,,0,21,,26,16,,,0,59,,7,16,,,0,19,,8,16,,,0,16,,17,16,,,0,65,,22,16,,,0,20,,570,16,,,0,22,,12,16,,,0,60,,15,16,,,0,21,,569,16,,,0,30,,13,16,,,0,70,,23,16,,,0,76,,20,16,,,0,31,,566,16,,,0,72,,27,16,,,0,30,,10,16,,,0,74,,568,16,,,0,35,,572,16,,,0,69,,14,16,,,0,29,,29,16,,,0,61,,24,16,,,0,21,,35,16,,,0,80,,34,16,,,0,20,,31,16,,,0,29,,571,16,,,0,65,,28,16,,,0,105,,32,16,,,0,35,,30,16,,,0,80,,36,16,,,0
100,'4661',1642,,75,16,,,0,204,,76,16,,,0,270,,77,16,,,0,105,,78,16,,,0
100,'4663',1642,,1,16,,,0,204,,2,16,,,0,270,,3,16,,,0,105,,4,16,,,0,135,,5,16,,,0
100,'5078',927,,72,16,,,0,82,,573,16,,,0,103,,63,16,,,0,45,,574,16,,,0,100,,66,16,,,0,101,,575,16,,,0,90,,576,16,,,0,100,,69,16,,,0,99,,577,16,,,0,99,,579,16,,,0,95,,73,16,,,0,102,,578,16,,,0
601,'4332',818,,708,5,,,0,105,,709,5,,,0,105,,710,5,,,0,100,,711,5,,,0,110,,364,5,,,0,105,,712,5,,,0,105,,366,5,,,0,100,,713,5,,,0,100,,362,5,,,0,100,,368,5,,,0,100,,714,5,,,0,90,,370,5,,,0,90,,371,5,,,0
601,'4480',618,,355,5,,,0,100,,350,5,,,0,100,,356,5,,,0,102,,344,5,,,0,103,,357,5,,,0,105,,715,5,,,0,110,,717,5,,,0,95,,353,5,,,0,100,,348,5,,,0,105,,354,5,,,0,95,,349,5,,,0,110,,345,5,,,0,95,,716,5,,,0,100,,346,5,,,0,90,,352,5,,,0
601,'5078',1003,,372,5,,,0,205,,373,5,,,0,135,,374,5,,,0,170,,375,5,,,0,135,,376,5,,,0
1100,'4332',927,,495,5,,,0,117,,491,5,,,0,397,,769,5,,,0,402,,493,5,,,0,371,,494,5,,,0
1100,'4480',658,,771,5,,,0,269,,488,5,,,0,117,,484,5,,,0,277,,770,5,,,0,120,,772,5,,,0,402,,486,5,,,0,371,,490,5,,,0
1301,'4677',940,,524,5,,,0,214,,525,5,,,0,486,,526,5,,,0
9900,'4480',801,,803,5,0,5 6,0
