500,'4528',807,,1085,5,,,0,31,,1084,9,,,0,93,,1090,9,,,0,128,,1086,9,,,0,146,,1087,9,,,0,105,,1088,9,,,0,101,,1089,9,,,0,95,,1082,9,,,0,114,,1083,9,,,0
500,'5078',1116,,682,9,,,0,130,,683,9,,,0,171,,684,9,,,0,184,,681,9,,,0
500,'5363',955,,1092,9,,,0,148,,1095,9,,,0,113,,1096,9,,,0,106,,1097,9,,,0,111,,1094,9,,,0,104,,1098,9,,,0,105,,1091,9,,,0
500,'5365',1116,,1099,9,,,0,130,,1100,9,,,0,171,,1101,9,,,0,184,,1102,9,,,0
800,'4528',626,,1184,9,,,0,116,,1189,9,,,0,109,,1186,9,,,0,103,,1185,9,,,0,94,,1182,9,,,0,105,,1187,9,,,0,148,,1183,9,,,0,106,,1188,9,,,0,194,,1190,9,,,0,104,,1191,9,,,0,106,,1195,9,,,0,90,,1192,9,,,0,110,,1193,9,,,0,140,,1194,9,,,0
800,'4623',1514,,1196,9,,,0
800,'5078',943,,422,9,,,0,202,,423,9,,,0,176,,745,9,,,0,130,,425,9,,,0,175,,427,9,,,0,193,,746,9,,,0
800,'5222',1514,,1197,9,,,0
800,'5363',833,,1209,9,0,7,0,92,,1206,9,,,0,120,,1203,9,,,0,109,,1207,9,,,0,157,,1204,9,,,0,105,,1208,9,,,0,108,,1205,9,,,0,105,,1198,9,,,0,108,,1199,9,,,0,115,,1200,9,,,0,161,,1201,9,,,0,138,,1202,9,,,0
800,'5365',943,,1210,9,,,0,202,,1211,9,,,0,176,,1212,9,,,0,130,,1213,9,,,0,175,,1215,9,,,0,193,,1214,9,,,0
