701,'4528',755,,1166,14,,,0,789,,1167,14,,,0
701,'4623',1623,,1172,14,,,0
701,'5222',1623,,1174,14,,,0
701,'5363',857,,1176,14,,,0,693,,1181,14,,,0
801,'4528',648,,1218,10,,,0,110,,1216,10,,,0,144,,1217,10,,,0,100,,1219,10,,,0,105,,1220,10,,,0,105,,1221,10,,,0,103,,1222,10,,,0,200,,1223,10,,,0,100,,1228,10,,,0,105,,1224,10,,,0,97,,1226,10,,,0,110,,1225,10,,,0,181,,1227,10,,,0
801,'4623',1415,,1229,10,,,0
801,'5078',1046,,456,10,,,0,203,,761,10,,,0,174,,454,10,,,0,135,,455,10,,,0,170,,458,10,,,0,119,,762,10,,,0
801,'5222',1415,,1230,10,,,0
801,'5363',902,,1232,10,,,0,100,,1233,10,,,0,112,,1240,10,,,0,108,,1234,10,,,0,111,,1241,10,,,0,100,,1231,10,,,0,105,,1235,10,,,0,106,,1236,10,,,0,163,,1237,10,,,0,114,,1238,10,,,0,187,,1239,10,,,0
801,'5365',1046,,1245,10,,,0,203,,1242,10,,,0,174,,1243,10,,,0,135,,1244,10,,,0,170,,1247,10,,,0,119,,1246,10,,,0
