100,'4332',746,,57,2,,,0,99,,55,13,,,0,80,,38,13,,,0,80,,60,13,,,0,40,,40,13,,,0,80,,39,13,,,0,91,,42,13,,,0,30,,47,13,,,0,74,,59,13,,,0,26,,62,13,,,0,70,,41,13,,,0,30,,46,13,,,0,70,,44,13,,,0,29,,61,13,,,0,75,,43,13,,,0,30,,48,13,,,0,75,,561,13,,,0,85,,563,13,,,0,35,,564,13,,,0,81,,562,13,,,0,77,,52,13,,,0,36,,565,13,,,0,75,,53,13,,,0,105,,54,13,,,0,135,,58,13,,,0
100,'4480',631,,9,13,,,0,70,,567,13,,,0,18,,21,13,,,0,21,,26,13,,,0,19,,7,13,,,0,59,,8,13,,,0,16,,17,13,,,0,25,,22,13,,,0,60,,570,13,,,0,22,,12,13,,,0,60,,15,13,,,0,21,,569,13,,,0,30,,13,13,,,0,70,,23,13,,,0,35,,20,13,,,0,71,,566,13,,,0,72,,27,13,,,0,30,,10,13,,,0,74,,568,13,,,0,35,,572,13,,,0,69,,14,13,,,0,29,,29,13,,,0,21,,24,13,,,0,61,,35,13,,,0,81,,34,13,,,0,20,,31,13,,,0,29,,571,13,,,0,65,,28,13,,,0,105,,32,13,,,0,35,,30,13,,,0,80,,36,13,,,0
100,'4661',1639,,75,13,,,0,205,,76,13,,,0,270,,77,13,,,0,105,,78,13,,,0
100,'4663',1639,,1,13,,,0,205,,2,13,,,0,270,,3,13,,,0,105,,4,13,,,0,135,,5,13,,,0
100,'5078',925,,72,13,,,0,82,,573,13,,,0,103,,63,13,,,0,45,,574,13,,,0,100,,66,13,,,0,101,,575,13,,,0,90,,576,13,,,0,100,,69,13,,,0,99,,577,13,,,0,99,,579,13,,,0,95,,73,13,,,0,102,,578,13,,,0
500,'4332',845,,308,2,,,0,156,,666,15,,,0,108,,668,15,,,0,113,,669,15,,,0,110,,670,15,,,0,108,,667,15,,,0,104,,671,15,,,0,105,,665,15,,,0
500,'4480',813,,676,11,,,0,30,,675,15,,,0,110,,679,15,,,0,151,,674,15,,,0,107,,677,15,,,0,106,,678,15,,,0,102,,680,15,,,0,95,,672,15,,,0,115,,673,15,,,0
500,'5078',1122,,682,15,,,0,131,,683,15,,,0,171,,684,15,,,0,184,,681,15,,,0
601,'4332',816,,708,2,,,0,105,,709,2,,,0,105,,710,2,,,0,100,,711,2,,,0,110,,364,2,,,0,105,,712,2,,,0,105,,366,2,,,0,100,,713,2,,,0,100,,362,2,,,0,100,,368,2,,,0,100,,714,2,,,0,90,,370,2,,,0,90,,371,2,,,0
601,'4480',616,,355,2,,,0,100,,350,2,,,0,100,,356,2,,,0,102,,344,2,,,0,103,,357,2,,,0,105,,715,2,,,0,110,,717,2,,,0,95,,353,2,,,0,100,,348,2,,,0,105,,354,2,,,0,95,,349,2,,,0,110,,345,2,,,0,95,,716,2,,,0,100,,346,2,,,0,90,,352,2,,,0
601,'5078',1001,,372,2,,,0,205,,373,2,,,0,135,,374,2,,,0,170,,375,2,,,0,135,,376,2,,,0
1100,'4332',925,,495,2,,,0,117,,491,2,,,0,397,,769,2,,,0,402,,493,2,,,0,371,,494,2,,,0
1100,'4480',656,,771,2,,,0,269,,488,2,,,0,117,,484,2,,,0,276,,770,2,,,0,120,,772,2,,,0,403,,486,2,,,0,371,,490,2,,,0
1200,'4332',1138,,777,2,,,0,599,,514,2,,,0
1200,'4480',607,,778,2,,,0,125,,512,2,,,0,406,,511,2,,,0,193,,508,2,,,0,306,,510,2,,,0,100,,509,2,,,0
1301,'4677',938,,524,2,,,0,214,,525,2,,,0,486,,526,2,,,0
9900,'4480',800,,803,2,0,5 6,0
