500,'4528',805,,1085,2,,,0,31,,1084,6,,,0,93,,1090,6,,,0,128,,1086,6,,,0,146,,1087,6,,,0,105,,1088,6,,,0,101,,1089,6,,,0,95,,1082,6,,,0,114,,1083,6,,,0
500,'5078',1114,,682,6,,,0,130,,683,6,,,0,171,,684,6,,,0,144,,681,6,,,0
500,'5363',953,,1092,6,,,0,148,,1095,6,,,0,113,,1096,6,,,0,106,,1097,6,,,0,111,,1094,6,,,0,104,,1098,6,,,0,105,,1091,6,,,0
500,'5365',1114,,1099,6,,,0,130,,1100,6,,,0,171,,1101,6,,,0,144,,1102,6,,,0
800,'4528',624,,1184,6,,,0,116,,1189,6,,,0,109,,1186,6,,,0,103,,1185,6,,,0,94,,1182,6,,,0,105,,1187,6,,,0,108,,1183,6,,,0,146,,1188,6,,,0,154,,1190,6,,,0,144,,1191,6,,,0,106,,1195,6,,,0,50,,1192,6,,,0,150,,1193,6,,,0,140,,1194,6,,,0
800,'4623',1512,,1196,6,,,0
800,'5078',941,,422,6,,,0,202,,423,6,,,0,176,,745,6,,,0,130,,425,6,,,0,175,,427,6,,,0,193,,746,6,,,0
800,'5222',1512,,1197,6,,,0
800,'5363',831,,1209,6,0,7,0,92,,1206,6,,,0,120,,1203,6,,,0,109,,1207,6,,,0,157,,1204,6,,,0,105,,1208,6,,,0,108,,1205,6,,,0,105,,1198,6,,,0,108,,1199,6,,,0,115,,1200,6,,,0,161,,1201,6,,,0,138,,1202,6,,,0
800,'5365',941,,1210,6,,,0,202,,1211,6,,,0,176,,1212,6,,,0,130,,1213,6,,,0,175,,1215,6,,,0,193,,1214,6,,,0
