101,'4332',742,,137,29,,,0,84,,118,29,,,0,80,,140,29,,,0,40,,119,29,,,0,80,,135,29,,,0,79,,120,29,,,0,40,,121,29,,,0,80,,122,29,,,0,33,,139,29,,,0,66,,142,29,,,0,30,,123,29,,,0,70,,125,29,,,0,30,,124,29,,,0,70,,141,29,,,0,35,,129,29,,,0,70,,126,29,,,0,76,,580,29,,,0,43,,581,29,,,0,78,,583,29,,,0,80,,582,29,,,0,40,,136,29,,,0,74,,584,29,,,0,34,,134,29,,,0,105,,131,29,,,0,149,,138,29,,,0
101,'4480',613,,90,29,,,0,29,,587,29,,,0,59,,99,29,,,0,20,,104,29,,,0,19,,89,29,,,0,17,,116,29,,,0,55,,93,29,,,0,25,,102,29,,,0,20,,590,29,,,0,61,,91,29,,,0,20,,95,29,,,0,21,,588,29,,,0,71,,88,29,,,0,70,,101,29,,,0,35,,100,29,,,0,70,,586,29,,,0,31,,105,29,,,0,70,,87,29,,,0,35,,589,29,,,0,75,,592,29,,,0,28,,92,29,,,0,70,,108,29,,,0,21,,103,29,,,0,11,,112,29,,,0,10,,591,29,,,0,82,,114,29,,,0,19,,110,29,,,0,60,,113,29,,,0,32,,98,29,,,0,108,,109,29,,,0,79,,107,29,,,0,78,,111,29,,,0
101,'4661',1617,,154,29,,,0,205,,155,29,,,0,232,,156,29,,,0,105,,157,29,,,0
101,'4663',1617,,80,29,,,0,205,,81,29,,,0,232,,82,29,,,0,105,,83,29,,,0,149,,84,29,,,0
101,'5078',928,,143,29,,,0,100,,144,29,,,0,106,,593,29,,,0,100,,146,29,,,0,101,,594,29,,,0,89,,148,29,,,0,100,,595,29,,,0,99,,596,29,,,0,91,,152,29,,,0,92,,598,29,,,0,98,,597,29,,,0
501,'4332',1035,,687,15,,,0,108,,688,15,,,0,114,,689,15,,,0,150,,691,15,,,0,105,,690,15,,,0,105,,685,15,,,0
501,'4480',723,,702,10,,,0,104,,695,10,,,0,110,,696,15,,,0,100,,697,15,,,0,105,,698,15,,,0,107,,699,15,,,0,105,,700,15,,,0,93,,701,15,,,0,97,,693,15,,,0,114,,694,15,,,0
501,'5078',916,,707,15,,,0,238,,704,15,,,0,179,,705,15,,,0,170,,703,15,,,0,151,,706,15,,,0
701,'4332',905,,719,24,,,0,653,,722,24,,,0
701,'4480',803,,727,24,,,0,748,,384,24,,,0,82,,379,24,,,0
801,'4332',910,,747,22,,,0,100,,748,22,,,0,112,,752,22,,,0,110,,749,22,,,0,109,,753,22,,,0,100,,750,22,,,0,105,,751,22,,,0,107,,447,22,,,0,163,,448,22,,,0,113,,449,22,,,0,187,,450,22,,,0
801,'4480',657,,754,22,,,0,150,,428,22,,,0,103,,429,22,,,0,100,,755,22,,,0,105,,756,22,,,0,105,,757,22,,,0,105,,758,22,,,0,100,,431,22,,,0,97,,436,22,,,0,100,,441,22,,,0,100,,759,22,,,0,104,,439,22,,,0,110,,760,22,,,0,180,,440,22,,,0
801,'5078',1054,,456,22,,,0,203,,761,22,,,0,174,,454,22,,,0,175,,455,22,,,0,130,,458,22,,,0,119,,762,22,,,0
1001,'4480',746,,767,8,,,0
1401,'4677',835,,530,9,,,0,1,,530,11,,,0,213,,531,9,,,0,1,,531,11,,,0,485,,532,9,,,0,1,,532,11,,,0
