100,'4332',843,,55,11,,,0,80,,38,11,,,0,80,,60,11,,,0,40,,40,11,,,0,80,,39,11,,,0,91,,42,11,,,0,30,,47,11,,,0,74,,59,11,,,0,26,,62,11,,,0,70,,41,11,,,0,30,,46,11,,,0,70,,44,11,,,0,29,,61,11,,,0,75,,43,11,,,0,30,,48,11,,,0,75,,561,11,,,0,85,,563,11,,,0,35,,564,11,,,0,81,,562,11,,,0,77,,52,11,,,0,36,,565,11,,,0,75,,53,11,,,0,105,,54,11,,,0,135,,58,11,,,0
100,'4480',629,,9,11,,,0,30,,567,11,,,0,58,,21,11,,,0,21,,26,11,,,0,19,,7,11,,,0,59,,8,11,,,0,16,,17,11,,,0,25,,22,11,,,0,60,,570,11,,,0,22,,12,11,,,0,20,,15,11,,,0,61,,569,11,,,0,30,,13,11,,,0,70,,23,11,,,0,35,,20,11,,,0,71,,566,11,,,0,32,,27,11,,,0,70,,10,11,,,0,74,,568,11,,,0,35,,572,11,,,0,69,,14,11,,,0,29,,29,11,,,0,21,,24,11,,,0,61,,35,11,,,0,41,,34,11,,,0,60,,31,11,,,0,29,,571,11,,,0,65,,28,11,,,0,105,,32,11,,,0,35,,30,11,,,0,80,,36,11,,,0
100,'4661',1637,,75,11,,,0,205,,76,11,,,0,270,,77,11,,,0,105,,78,11,,,0
100,'4663',1637,,1,11,,,0,205,,2,11,,,0,270,,3,11,,,0,105,,4,11,,,0,135,,5,11,,,0
100,'5078',923,,72,11,,,0,82,,573,11,,,0,103,,63,11,,,0,45,,574,11,,,0,100,,66,11,,,0,101,,575,11,,,0,90,,576,11,,,0,100,,69,11,,,0,99,,577,11,,,0,99,,579,11,,,0,95,,73,11,,,0,102,,578,11,,,0
500,'4332',959,,666,13,,,0,148,,668,13,,,0,113,,669,13,,,0,110,,670,13,,,0,108,,667,13,,,0,104,,671,13,,,0,105,,665,13,,,0
500,'4480',811,,676,9,,,0,30,,675,13,,,0,110,,679,13,,,0,151,,674,13,,,0,107,,677,13,,,0,106,,678,13,,,0,102,,680,13,,,0,95,,672,13,,,0,115,,673,13,,,0
500,'5078',1120,,682,13,,,0,131,,683,13,,,0,171,,684,13,,,0,184,,681,13,,,0
701,'4332',1111,,721,16,0,12,0,206,,718,16,0,12,0,403,,720,16,0,12,0,325,,391,16,0,12,0
701,'4480',705,,723,16,0,12,0,208,,385,16,0,12,0,112,,386,16,0,12,0,95,,724,16,0,12,0,110,,728,16,0,12,0,195,,725,16,0,12,0,303,,388,16,0,12,0,99,,377,16,0,12,0,218,,726,16,0,12,0
800,'4332',843,,421,20,0,7,0,100,,733,20,,,0,115,,730,20,,,0,149,,734,20,,,0,114,,731,20,,,0,110,,735,20,,,0,105,,732,20,,,0,104,,729,20,,,0,105,,411,20,,,0,158,,412,20,,,0,120,,413,20,,,0,180,,414,20,,,0
800,'4480',638,,738,20,,,0,115,,741,20,,,0,149,,399,20,,,0,102,,398,20,,,0,55,,736,20,,,0,145,,739,20,,,0,108,,737,20,,,0,105,,740,20,,,0,107,,404,20,,,0,88,,742,20,,,0,105,,403,20,,,0,99,,744,20,,,0,96,,406,20,,,0,110,,743,20,,,0,180,,408,20,,,0
800,'5078',954,,422,20,,,0,202,,423,20,,,0,176,,745,20,,,0,170,,425,20,,,0,135,,427,20,,,0,193,,746,20,,,0
1400,'4677',922,,527,18,,,0,214,,528,18,,,0,487,,529,18,,,0
