401,'4528',859,,1067,7,,,0,141,,1064,7,,,0,111,,1068,7,,,0,123,,1065,7,,,0,204,,1066,7,,,0,165,,1063,7,,,0,236,,1062,7,,,0
401,'4623',1736,,1069,7,,,0
401,'5078',903,,295,7,,,0,333,,663,7,,,0,292,,664,7,,,0
401,'5222',1736,,1070,7,,,0
401,'5363',854,,1071,7,,,0,172,,1075,7,,,0,117,,1072,7,,,0,103,,1073,7,,,0,210,,1074,7,,,0,171,,1078,7,,,0,99,,1077,7,,,0,104,,1076,7,,,0
401,'5365',902,,1079,7,,,0,334,,1080,7,,,0,291,,1081,7,,,0
1001,'4528',704,,1265,5,,,0,39,,1262,5,,,0,166,,1263,5,0,10 11 2,0,409,,1266,5,,,0,393,,1264,5,0,10 11 2,0
1001,'4623',2054,,1267,5,,,0
1001,'5222',2054,,1268,5,,,0
1001,'5363',856,,1269,5,0,10 11 2,0,462,,1270,5,,,0,385,,1271,5,0,10 11 2,0,351,,1272,5,,,0
