100,'4528',629,,806,12,,,0,30,,812,12,,,0,60,,818,12,,,0,20,,822,12,,,0,18,,804,12,,,0,58,,805,12,,,0,19,,813,12,,,0,21,,819,12,,,0,61,,823,12,,,0,20,,808,12,,,0,20,,811,12,,,0,65,,815,12,,,0,25,,809,12,,,0,72,,820,12,,,0,35,,816,12,,,0,80,,824,12,,,0,80,,807,12,,,0,40,,814,12,,,0,70,,836,12,,,0,29,,810,12,,,0,70,,826,12,,,0,30,,821,12,,,0,60,,833,12,,,0,20,,817,12,,,0,19,,832,12,,,0,59,,828,12,,,0,22,,831,12,,,0,26,,837,12,,,0,65,,825,12,,,0,36,,830,12,,,0,74,,829,12,,,0,75,,827,12,,,0,105,,834,12,,,0,105,,835,12,,,0
100,'4623',2353,,838,12,,,0
100,'5078',924,,72,12,,,0,82,,573,12,,,0,103,,63,12,,,0,45,,574,12,,,0,100,,66,12,,,0,101,,575,12,,,0,90,,576,12,,,0,100,,69,12,,,0,99,,577,12,,,0,99,,579,12,,,0,95,,73,12,,,0,102,,578,12,,,0
100,'5363',733,,858,1,,,0,108,,856,12,,,0,80,,839,12,,,0,83,,861,12,,,0,40,,841,12,,,0,80,,840,12,,,0,81,,845,12,,,0,38,,848,12,,,0,70,,860,12,,,0,30,,863,12,,,0,70,,844,12,,,0,30,,847,12,,,0,70,,843,12,,,0,29,,862,12,,,0,67,,842,12,,,0,33,,849,12,,,0,74,,846,12,,,0,34,,851,12,,,0,73,,852,12,,,0,36,,850,12,,,0,74,,857,12,,,0,75,,853,12,,,0,105,,854,12,,,0,105,,855,12,,,0,135,,859,12,,,0
100,'5365',924,,873,12,,,0,82,,865,12,,,0,103,,864,12,,,0,45,,866,12,,,0,100,,867,12,,,0,101,,868,12,,,0,90,,869,12,,,0,100,,870,12,,,0,99,,871,12,,,0,99,,875,12,,,0,95,,874,12,,,0,102,,872,12,,,0
500,'4528',812,,1085,10,,,0,30,,1084,14,,,0,93,,1090,14,,,0,169,,1086,14,,,0,107,,1087,14,,,0,106,,1088,14,,,0,101,,1089,14,,,0,95,,1082,14,,,0,114,,1083,14,,,0
500,'5078',1121,,682,14,,,0,131,,683,14,,,0,171,,684,14,,,0,184,,681,14,,,0
500,'5363',845,,1093,1,,,0,155,,1092,14,,,0,108,,1095,14,,,0,114,,1096,14,,,0,106,,1097,14,,,0,111,,1094,14,,,0,104,,1098,14,,,0,105,,1091,14,,,0
500,'5365',1121,,1099,14,,,0,131,,1100,14,,,0,171,,1101,14,,,0,184,,1102,14,,,0
800,'5363',845,,1209,21,4,,0
