101,'4332',733,,137,20,,,0,84,,118,20,,,0,40,,140,20,,,0,80,,119,20,,,0,80,,135,20,,,0,39,,120,20,,,0,80,,121,20,,,0,80,,122,20,,,0,33,,139,20,,,0,66,,142,20,,,0,30,,123,20,,,0,70,,125,20,,,0,30,,124,20,,,0,70,,141,20,,,0,35,,129,20,,,0,70,,126,20,,,0,36,,580,20,,,0,84,,581,20,,,0,78,,583,20,,,0,40,,582,20,,,0,80,,136,20,,,0,74,,584,20,,,0,35,,134,20,,,0,105,,131,20,,,0,149,,138,20,,,0
101,'4480',606,,90,20,,,0,29,,587,20,,,0,19,,99,20,,,0,60,,104,20,,,0,19,,89,20,,,0,16,,116,20,,,0,53,,585,17,0,13,0,2,,93,20,,,0,24,,102,20,,,0,20,,590,20,,,0,61,,91,20,,,0,20,,95,20,,,0,21,,588,20,,,0,71,,88,20,,,0,30,,101,20,,,0,75,,100,20,,,0,30,,586,20,,,0,71,,105,20,,,0,30,,87,20,,,0,75,,589,20,,,0,75,,592,20,,,0,28,,92,20,,,0,70,,108,20,,,0,21,,103,20,,,0,11,,112,20,,,0,10,,591,20,,,0,82,,114,20,,,0,19,,110,20,,,0,60,,113,20,,,0,32,,98,20,,,0,109,,109,20,,,0,80,,107,20,,,0,78,,111,20,,,0
101,'4661',1608,,154,20,,,0,206,,155,20,,,0,233,,156,20,,,0,105,,157,20,,,0
101,'4663',1608,,80,20,,,0,206,,81,20,,,0,233,,82,20,,,0,105,,83,20,,,0,149,,84,20,,,0
101,'5078',919,,143,20,,,0,100,,144,20,,,0,106,,593,20,,,0,100,,146,20,,,0,101,,594,20,,,0,90,,148,20,,,0,100,,595,20,,,0,99,,596,20,,,0,91,,152,20,,,0,52,,598,20,,,0,98,,597,20,,,0
501,'4332',854,,686,5,0,13 16,0,171,,687,5,,,0,108,,688,5,,,0,114,,689,5,,,0,110,,691,5,,,0,145,,690,5,,,0,105,,685,5,,,0,100,,692,5,0,13 16,0,129,,338,5,0,13 16,0
501,'4480',926,,696,5,,,0,100,,697,5,,,0,105,,698,5,,,0,107,,699,5,,,0,105,,700,5,,,0,93,,701,5,,,0,94,,322,5,0,13 16,0,3,,693,5,,,0,114,,694,5,,,0
501,'5078',906,,707,5,,,0,238,,704,5,,,0,179,,705,5,,,0,130,,703,5,,,0,191,,706,5,,,0
601,'4332',845,,708,34,,,0,105,,709,34,,,0,105,,710,34,,,0,100,,711,34,,,0,150,,364,34,,,0,105,,712,34,,,0,105,,366,34,,,0,100,,713,34,,,0,100,,362,34,,,0,100,,368,34,,,0,100,,714,34,,,0,90,,370,34,,,0,50,,371,34,,,0
601,'4480',645,,355,34,,,0,100,,350,34,,,0,100,,356,34,,,0,102,,344,34,,,0,103,,357,34,,,0,105,,715,34,,,0,150,,717,34,,,0,95,,353,34,,,0,100,,348,34,,,0,105,,354,34,,,0,95,,349,34,,,0,110,,345,34,,,0,95,,716,34,,,0,100,,346,34,,,0,50,,352,34,,,0
601,'5078',1030,,372,34,,,0,205,,373,34,,,0,175,,374,34,,,0,130,,375,34,,,0,175,,376,34,,,0
1101,'4332',1012,,507,9,,,0,117,,503,9,,,0,398,,773,9,,,0,398,,505,9,,,0,330,,506,9,,,0
1101,'4480',737,,775,9,,,0,274,,498,9,,,0,118,,500,9,,,0,278,,774,9,,,0,120,,776,9,,,0,398,,497,9,,,0,330,,502,9,,,0
1201,'4332',1258,,779,14,,,0,600,,522,14,,,0
1201,'4480',729,,780,20,,,0,125,,517,20,,,0,447,,518,20,,,0,158,,516,20,,,0,300,,519,20,,,0,142,,521,20,,,0
1301,'4677',1028,,524,17,,,0,214,,525,17,,,0,486,,526,17,,,0
9900,'4480',901,,803,46,0,5 6,0
9901,'4480',1612,,560,35,0,5 6,0
