100,'4332',805,,57,20,4,,0,99,,55,31,4,,0,41,,38,31,4,,0,80,,60,31,4,,0,80,,40,31,4,,0,40,,39,31,4,,0,91,,42,31,4,,0,71,,47,31,4,,0,35,,59,31,4,,0,66,,62,31,4,,0,30,,41,31,4,,0,70,,46,31,4,,0,30,,44,31,4,,0,69,,61,31,4,,0,35,,43,31,4,,0,70,,48,31,4,,0,35,,561,31,4,,0,83,,563,31,4,,0,74,,564,31,4,,0,40,,562,31,4,,0,76,,52,31,4,,0,36,,565,31,4,,0,75,,53,31,4,,0,105,,54,31,4,,0,175,,58,31,4,,0
100,'4480',648,,9,31,4,,0,70,,567,31,4,,0,19,,21,31,4,,0,21,,26,31,4,,0,61,,7,31,4,,0,20,,8,31,4,,0,16,,17,31,4,,0,65,,22,31,4,,0,20,,570,31,4,,0,62,,12,31,4,,0,20,,15,31,4,,0,21,,569,31,4,,0,70,,13,31,4,,0,30,,23,31,4,,0,76,,20,31,4,,0,30,,566,31,4,,0,72,,27,31,4,,0,30,,10,31,4,,0,75,,568,31,4,,0,75,,572,31,4,,0,29,,14,31,4,,0,29,,29,31,4,,0,59,,24,31,4,,0,21,,35,31,4,,0,80,,34,31,4,,0,21,,31,31,4,,0,69,,571,31,4,,0,23,,28,31,4,,0,105,,32,31,4,,0,74,,30,31,4,,0,40,,36,31,4,,0
100,'4661',1537,,79,13,4,,0,122,,75,31,4,,0,243,,76,31,4,,0,229,,77,31,4,,0,105,,78,31,4,,0
100,'4663',1537,,6,13,4,,0,122,,1,31,4,,0,243,,2,31,4,,0,229,,3,31,4,,0,105,,4,31,4,,0,175,,5,31,4,,0
100,'5078',945,,72,31,4,,0,82,,573,31,4,,0,103,,63,31,4,,0,85,,574,31,4,,0,100,,66,31,4,,0,101,,575,31,4,,0,90,,576,31,4,,0,100,,69,31,4,,0,98,,577,31,4,,0,98,,579,31,4,,0,55,,73,31,4,,0,101,,578,31,4,,0
301,'4332',809,,234,1,,,0,118,,235,1,,,0,117,,236,1,,,0,114,,237,1,,,0,155,,238,1,,,0,100,,239,1,,,0,100,,240,1,,,0,137,,241,1,,,0,102,,637,1,,,0,157,,638,1,,,0
301,'4480',731,,639,1,,,0,83,,641,1,,,0,6,,222,1,0,14 15,0,108,,227,1,,,0,100,,640,1,,,0,100,,224,1,,,0,100,,642,1,,,0,105,,226,1,,,0,112,,223,1,,,0,80,,233,1,,,0,20,,230,1,,,0,100,,231,1,,,0,100,,232,1,,,0
301,'4661',1907,,252,1,,,0
301,'4663',1907,,220,1,,,0
301,'5078',827,,244,1,,,0,208,,644,1,,,0,100,,251,1,,,0,185,,247,1,,,0,105,,643,1,,,0,186,,249,1,,,0,99,,645,1,,,0,100,,646,1,,,0
400,'4332',912,,269,9,4,,0,122,,263,9,4,,0,116,,264,9,4,,0,155,,265,9,4,,0,110,,267,9,4,,0,100,,266,9,4,,0,103,,649,9,4,,0,124,,647,9,4,,0,160,,648,9,4,,0
400,'4480',814,,650,9,4,,0,103,,654,9,4,,0,101,,652,9,4,,0,106,,651,9,4,,0,100,,260,9,4,,0,109,,653,9,4,,0,100,,259,9,4,,0,192,,258,9,4,,0,276,,257,9,4,,0
400,'4661',1742,,275,9,4,,0
400,'4663',1742,,253,9,4,,0
400,'5078',1253,,655,9,4,,0,292,,656,9,4,,0,382,,657,9,4,,0
1500,'5003',937,,786,10,4,,0,80,,784,10,4,,0,40,,785,10,4,,0,280,,783,10,4,,0,80,,782,10,4,,0,40,,781,10,4,,0
1501,'5003',900,,790,1,,,0,40,,791,1,,,0,80,,792,1,,,0,280,,787,1,,,0,40,,788,1,,,0,80,,789,1,,,0
