100,'4332',835,,55,1,,,0,80,,38,1,,,0,40,,60,1,,,0,80,,40,1,,,0,80,,39,1,,,0,90,,42,1,,,0,30,,47,1,,,0,74,,59,1,,,0,26,,62,1,,,0,70,,41,1,,,0,30,,46,1,,,0,70,,44,1,,,0,30,,61,1,,,0,75,,43,1,,,0,30,,48,1,,,0,75,,561,1,,,0,85,,563,1,,,0,36,,564,1,,,0,81,,562,1,,,0,37,,52,1,,,0,76,,565,1,,,0,75,,53,1,,,0,105,,54,1,,,0,135,,58,1,,,0
100,'4480',622,,9,1,,,0,30,,567,1,,,0,58,,21,1,,,0,21,,26,1,,,0,19,,7,1,,,0,57,,8,1,,,0,15,,17,1,,,0,25,,22,1,,,0,60,,570,1,,,0,22,,12,1,,,0,20,,15,1,,,0,61,,569,1,,,0,30,,13,1,,,0,70,,23,1,,,0,35,,20,1,,,0,70,,566,1,,,0,32,,27,1,,,0,70,,10,1,,,0,34,,568,1,,,0,76,,572,1,,,0,29,,14,1,,,0,69,,29,1,,,0,21,,24,1,,,0,61,,35,1,,,0,41,,34,1,,,0,61,,31,1,,,0,29,,571,1,,,0,67,,28,1,,,0,105,,32,1,,,0,35,,30,1,,,0,80,,36,1,,,0
100,'4661',1627,,75,1,,,0,208,,76,1,,,0,270,,77,1,,,0,105,,78,1,,,0
100,'4663',1627,,1,1,,,0,208,,2,1,,,0,270,,3,1,,,0,105,,4,1,,,0,135,,5,1,,,0
100,'5078',915,,72,1,,,0,42,,573,1,,,0,143,,63,1,,,0,45,,574,1,,,0,100,,66,1,,,0,100,,575,1,,,0,90,,576,1,,,0,100,,69,1,,,0,100,,577,1,,,0,100,,579,1,,,0,95,,73,1,,,0,102,,578,1,,,0
101,'4332',745,,137,31,4,,0,84,,118,31,4,,0,80,,140,31,4,,0,40,,119,31,4,,0,80,,135,31,4,,0,80,,120,31,4,,0,40,,121,31,4,,0,80,,122,31,4,,0,73,,139,31,4,,0,26,,142,31,4,,0,30,,123,31,4,,0,70,,125,31,4,,0,30,,124,31,4,,0,70,,141,31,4,,0,75,,129,31,4,,0,30,,126,31,4,,0,76,,580,31,4,,0,43,,581,31,4,,0,77,,583,31,4,,0,80,,582,31,4,,0,40,,136,31,4,,0,74,,584,31,4,,0,35,,134,31,4,,0,145,,131,31,4,,0,109,,138,31,4,,0
101,'4480',617,,90,31,4,,0,29,,587,31,4,,0,59,,99,31,4,,0,20,,104,31,4,,0,19,,89,31,4,,0,57,,116,31,4,,0,15,,93,31,4,,0,25,,102,31,4,,0,60,,590,31,4,,0,21,,91,31,4,,0,20,,95,31,4,,0,61,,588,31,4,,0,31,,88,31,4,,0,70,,101,31,4,,0,35,,100,31,4,,0,70,,586,31,4,,0,31,,105,31,4,,0,70,,87,31,4,,0,35,,589,31,4,,0,75,,592,31,4,,0,28,,92,31,4,,0,70,,108,31,4,,0,21,,103,31,4,,0,11,,112,31,4,,0,50,,591,31,4,,0,42,,114,31,4,,0,59,,110,31,4,,0,20,,113,31,4,,0,32,,98,31,4,,0,148,,109,31,4,,0,39,,107,31,4,,0,78,,111,31,4,,0
101,'4661',1621,,154,31,4,,0,205,,155,31,4,,0,232,,156,31,4,,0,145,,157,31,4,,0
101,'4663',1621,,80,31,4,,0,205,,81,31,4,,0,232,,82,31,4,,0,145,,83,31,4,,0,109,,84,31,4,,0
101,'5078',931,,143,31,4,,0,100,,144,31,4,,0,106,,593,31,4,,0,100,,146,31,4,,0,101,,594,31,4,,0,89,,148,31,4,,0,100,,595,31,4,,0,99,,596,31,4,,0,91,,152,31,4,,0,92,,598,31,4,,0,98,,597,31,4,,0
200,'4332',826,,177,11,4,,0,121,,599,11,4,,0,107,,600,11,4,,0,152,,601,11,4,,0,105,,605,11,4,,0,105,,603,11,4,,0,105,,602,11,4,,0,105,,604,11,4,,0,100,,183,11,4,,0,120,,184,11,4,,0,160,,185,11,4,,0,140,,186,11,4,,0,193,,188,11,4,,0
200,'4480',642,,614,11,4,,0,85,,612,11,4,,0,119,,169,11,4,,0,100,,174,11,4,,0,105,,610,11,4,,0,105,,613,11,4,,0,145,,611,11,4,,0,56,,609,11,4,,0,148,,160,11,4,,0,96,,167,11,4,,0,46,,165,11,4,,0,84,,615,11,4,,0,69,,608,11,4,,0,56,,164,11,4,,0,150,,607,11,4,,0,140,,163,11,4,,0
200,'4663',2339,,158,11,4,,0
200,'5078',951,,616,11,4,,0,155,,621,11,4,,0,130,,617,11,4,,0,170,,622,11,4,,0,137,,619,11,4,,0,184,,620,11,4,,0,198,,618,11,4,,0
201,'4332',920,,624,1,,,0,324,,625,1,,,0,105,,623,1,,,0,310,,210,1,,,0,160,,211,1,,,0,300,,212,1,,,0,193,,214,1,,,0
201,'4480',615,,629,1,,,0,85,,630,1,,,0,29,,627,1,,,0,90,,206,1,,,0,100,,201,1,,,0,411,,628,1,,,0,204,,202,1,,,0,170,,631,1,,,0,125,,199,1,,,0,110,,626,1,,,0,180,,205,1,,,0
201,'4663',2312,,196,1,,,0
201,'5078',924,,633,1,,,0,115,,635,1,,,0,300,,636,1,,,0,361,,634,1,,,0,158,,632,1,,,0
500,'4332',949,,666,1,,,0,108,,668,1,,,0,151,,669,1,,,0,110,,670,1,,,0,108,,667,1,,,0,105,,671,1,,,0,105,,665,1,,,0
500,'4480',833,,675,1,,,0,110,,679,1,,,0,110,,674,1,,,0,105,,677,1,,,0,145,,678,1,,,0,102,,680,1,,,0,95,,672,1,,,0,115,,673,1,,,0
500,'5078',1110,,682,1,,,0,130,,683,1,,,0,171,,684,1,,,0,144,,681,1,,,0
501,'4332',1038,,687,17,4,,0,108,,688,17,4,,0,154,,689,17,4,,0,110,,691,17,4,,0,105,,690,17,4,,0,105,,685,17,4,,0
501,'4480',726,,702,12,4,,0,104,,695,12,4,,0,110,,696,17,4,,0,100,,697,17,4,,0,105,,698,17,4,,0,107,,699,17,4,,0,105,,700,17,4,,0,93,,701,17,4,,0,97,,693,17,4,,0,154,,694,17,4,,0
501,'5078',919,,707,17,4,,0,238,,704,17,4,,0,179,,705,17,4,,0,170,,703,17,4,,0,151,,706,17,4,,0
800,'4332',826,,421,1,0,7,0,100,,733,1,,,0,115,,730,1,,,0,108,,734,1,,,0,154,,731,1,,,0,110,,735,1,,,0,105,,732,1,,,0,105,,729,1,,,0,105,,411,1,,,0,118,,412,1,,,0,160,,413,1,,,0,140,,414,1,,,0
800,'4480',622,,738,1,,,0,115,,741,1,,,0,109,,399,1,,,0,102,,398,1,,,0,95,,736,1,,,0,105,,739,1,,,0,107,,737,1,,,0,145,,740,1,,,0,107,,404,1,,,0,48,,742,1,,,0,146,,403,1,,,0,99,,744,1,,,0,56,,406,1,,,0,150,,743,1,,,0,140,,408,1,,,0
800,'5078',938,,422,1,,,0,201,,423,1,,,0,176,,745,1,,,0,130,,425,1,,,0,175,,427,1,,,0,194,,746,1,,,0
801,'4332',913,,747,24,4,,0,100,,748,24,4,,0,112,,752,24,4,,0,110,,749,24,4,,0,109,,753,24,4,,0,100,,750,24,4,,0,105,,751,24,4,,0,107,,447,24,4,,0,163,,448,24,4,,0,113,,449,24,4,,0,187,,450,24,4,,0
801,'4480',700,,754,24,4,,0,110,,428,24,4,,0,103,,429,24,4,,0,100,,755,24,4,,0,105,,756,24,4,,0,105,,757,24,4,,0,105,,758,24,4,,0,100,,431,24,4,,0,97,,436,24,4,,0,100,,441,24,4,,0,100,,759,24,4,,0,104,,439,24,4,,0,110,,760,24,4,,0,180,,440,24,4,,0
801,'5078',1057,,456,24,4,,0,243,,761,24,4,,0,134,,454,24,4,,0,175,,455,24,4,,0,130,,458,24,4,,0,119,,762,24,4,,0
1000,'5078',1136,,470,12,4,,0,688,,471,12,4,,0
1001,'5078',1035,,482,1,,,0,687,,483,1,,,0
1400,'4677',912,,527,8,,,0,214,,528,8,,,0,486,,529,8,,,0
2001,'4332',752,,551,1,,,0,268,,794,1,,,0,112,,793,1,,,0,315,,795,1,,,0,105,,796,1,,,0,380,,555,1,,,0
2001,'4480',1017,,800,1,,,0,105,,798,1,,,0,105,,797,1,,,0,204,,547,1,,,0,182,,545,3,,,0,113,,799,1,,,0
2001,'5078',1202,,802,1,,,0,307,,801,1,,,0
