1001,'4528',716,,1265,10,,,0,205,,1263,10,0,10 11 2,0,409,,1266,10,,,0,393,,1264,10,0,10 11 2,0
1001,'4623',2106,,1267,10,,,0
1001,'5078',1042,,482,5,,,0,687,,483,5,,,0
1001,'5222',2106,,1268,10,,,0
1001,'5363',908,,1269,10,0,10 11 2,0,422,,1270,10,,,0,385,,1271,10,0,10 11 2,0,391,,1272,10,,,0
1001,'5365',1042,,1273,5,,,0,687,,1274,5,,,0
1401,'5212',843,,1321,15,,,0,214,,1322,15,,,0,486,,1323,15,,,0
2001,'4528',1024,,1340,5,,,0,105,,1338,5,,,0,105,,1337,5,,,0,385,,1336,7,,,0,120,,1339,5,,,0
2001,'4623',1438,,1341,5,,,0
2001,'5078',1210,,802,5,,,0,307,,801,5,,,0
2001,'5222',1438,,1342,5,,,0
2001,'5363',801,,1343,5,,,0,227,,1346,5,,,0,112,,1345,5,,,0,315,,1347,5,,,0,145,,1348,5,,,0,340,,1344,5,,,0
2001,'5365',1208,,1350,5,,,0,309,,1349,5,,,0
