1000,'4528',755,,1253,1,,,0,50,,1249,9,,,0,35,,1248,9,,,0,193,,1251,10,,,0,386,,1250,9,,,0,416,,1252,10,,,0
1000,'4623',2150,,1254,9,,,0
1000,'4832',1132,,1260,9,0,13,0,688,,1261,9,0,13,0
1000,'5222',2150,,1255,9,,,0
1000,'5363',1018,,1256,10,,,0,401,,1257,9,,,0,404,,1259,10,,,0,327,,1258,9,,,0
1400,'5212',908,,1318,5,,,0,214,,1319,5,,,0,486,,1320,5,,,0
2001,'4528',1024,,1340,6,,,0,105,,1338,6,,,0,105,,1337,6,,,0,385,,1336,8,,,0,120,,1339,6,,,0
2001,'4623',1438,,1341,6,,,0
2001,'4832',1208,,1350,6,,,0,309,,1349,6,,,0
2001,'5222',1438,,1342,6,,,0
2001,'5363',801,,1343,6,,,0,227,,1346,6,,,0,112,,1345,6,,,0,315,,1347,6,,,0,145,,1348,6,,,0,340,,1344,6,,,0
