701,'4528',801,,1166,19,,,0,749,,1167,19,,,0
701,'4623',1629,,1172,19,,,0
701,'5222',1629,,1174,19,,,0
701,'5363',903,,1176,19,,,0,653,,1181,19,,,0
801,'4528',653,,1218,17,,,0,150,,1216,17,,,0,104,,1217,17,,,0,100,,1219,17,,,0,105,,1220,17,,,0,105,,1221,17,,,0,103,,1222,17,,,0,200,,1223,17,,,0,100,,1228,17,,,0,105,,1224,17,,,0,97,,1226,17,,,0,110,,1225,17,,,0,181,,1227,17,,,0
801,'4623',1420,,1229,17,,,0
801,'5078',1051,,456,17,,,0,203,,761,17,,,0,174,,454,17,,,0,175,,455,17,,,0,130,,458,17,,,0,119,,762,17,,,0
801,'5222',1420,,1230,17,,,0
801,'5363',907,,1232,17,,,0,100,,1233,17,,,0,112,,1240,17,,,0,108,,1234,17,,,0,111,,1241,17,,,0,100,,1231,17,,,0,105,,1235,17,,,0,106,,1236,17,,,0,163,,1237,17,,,0,114,,1238,17,,,0,187,,1239,17,,,0
801,'5365',1051,,1245,17,,,0,203,,1242,17,,,0,174,,1243,17,,,0,175,,1244,17,,,0,130,,1247,17,,,0,119,,1246,17,,,0
