101,'4332',731,,137,18,,,0,84,,118,18,,,0,40,,140,18,,,0,80,,119,18,,,0,80,,135,18,,,0,39,,120,18,,,0,80,,121,18,,,0,80,,122,18,,,0,33,,139,18,,,0,66,,142,18,,,0,30,,123,18,,,0,70,,125,18,,,0,30,,124,18,,,0,70,,141,18,,,0,35,,129,18,,,0,70,,126,18,,,0,36,,580,18,,,0,84,,581,18,,,0,78,,583,18,,,0,40,,582,18,,,0,80,,136,18,,,0,74,,584,18,,,0,35,,134,18,,,0,105,,131,18,,,0,109,,138,18,,,0
101,'4480',604,,90,18,,,0,29,,587,18,,,0,19,,99,18,,,0,60,,104,18,,,0,19,,89,18,,,0,16,,116,18,,,0,53,,585,15,0,13,0,2,,93,18,,,0,24,,102,18,,,0,20,,590,18,,,0,61,,91,18,,,0,20,,95,18,,,0,21,,588,18,,,0,71,,88,18,,,0,30,,101,18,,,0,75,,100,18,,,0,30,,586,18,,,0,71,,105,18,,,0,30,,87,18,,,0,75,,589,18,,,0,75,,592,18,,,0,28,,92,18,,,0,70,,108,18,,,0,21,,103,18,,,0,11,,112,18,,,0,10,,591,18,,,0,82,,114,18,,,0,19,,110,18,,,0,60,,113,18,,,0,32,,98,18,,,0,109,,109,18,,,0,80,,107,18,,,0,78,,111,18,,,0
101,'4661',1606,,154,18,,,0,206,,155,18,,,0,233,,156,18,,,0,105,,157,18,,,0
101,'4663',1606,,80,18,,,0,206,,81,18,,,0,233,,82,18,,,0,105,,83,18,,,0,109,,84,18,,,0
101,'5078',917,,143,18,,,0,100,,144,18,,,0,106,,593,18,,,0,100,,146,18,,,0,101,,594,18,,,0,90,,148,18,,,0,100,,595,18,,,0,99,,596,18,,,0,91,,152,18,,,0,52,,598,18,,,0,98,,597,18,,,0
601,'4332',843,,708,32,,,0,105,,709,32,,,0,105,,710,32,,,0,100,,711,32,,,0,150,,364,32,,,0,105,,712,32,,,0,105,,366,32,,,0,100,,713,32,,,0,100,,362,32,,,0,100,,368,32,,,0,100,,714,32,,,0,90,,370,32,,,0,50,,371,32,,,0
601,'4480',643,,355,32,,,0,100,,350,32,,,0,100,,356,32,,,0,102,,344,32,,,0,103,,357,32,,,0,105,,715,32,,,0,150,,717,32,,,0,55,,353,32,,,0,100,,348,32,,,0,145,,354,32,,,0,55,,349,32,,,0,150,,345,32,,,0,95,,716,32,,,0,100,,346,32,,,0,50,,352,32,,,0
601,'5078',1028,,372,32,,,0,205,,373,32,,,0,175,,374,32,,,0,130,,375,32,,,0,175,,376,32,,,0
1101,'4332',1010,,507,7,,,0,117,,503,7,,,0,398,,773,7,,,0,398,,505,7,,,0,330,,506,7,,,0
1101,'4480',735,,775,7,,,0,274,,498,7,,,0,118,,500,7,,,0,278,,774,7,,,0,120,,776,7,,,0,398,,497,7,,,0,330,,502,7,,,0
1201,'4480',727,,780,18,,,0,125,,517,18,,,0,407,,518,18,,,0,198,,516,18,,,0,300,,519,18,,,0,102,,521,18,,,0
9901,'4480',1610,,560,33,0,5 6,0
