100,'4332',802,,57,16,,,0,99,,55,27,,,0,40,,38,27,,,0,80,,60,27,,,0,80,,40,27,,,0,40,,39,27,,,0,91,,42,27,,,0,70,,47,27,,,0,35,,59,27,,,0,66,,62,27,,,0,30,,41,27,,,0,70,,46,27,,,0,30,,44,27,,,0,69,,61,27,,,0,35,,43,27,,,0,70,,48,27,,,0,35,,561,27,,,0,84,,563,27,,,0,74,,564,27,,,0,41,,562,27,,,0,76,,52,27,,,0,36,,565,27,,,0,75,,53,27,,,0,105,,54,27,,,0,175,,58,27,,,0
100,'4480',645,,9,27,,,0,70,,567,27,,,0,18,,21,27,,,0,21,,26,27,,,0,61,,7,27,,,0,19,,8,27,,,0,16,,17,27,,,0,65,,22,27,,,0,20,,570,27,,,0,22,,12,27,,,0,60,,15,27,,,0,21,,569,27,,,0,70,,13,27,,,0,30,,23,27,,,0,76,,20,27,,,0,31,,566,27,,,0,72,,27,27,,,0,30,,10,27,,,0,75,,568,27,,,0,35,,572,27,,,0,69,,14,27,,,0,29,,29,27,,,0,60,,24,27,,,0,21,,35,27,,,0,80,,34,27,,,0,20,,31,27,,,0,69,,571,27,,,0,23,,28,27,,,0,105,,32,27,,,0,74,,30,27,,,0,40,,36,27,,,0
100,'4661',1533,,79,9,,,0,123,,75,27,,,0,202,,76,27,,,0,269,,77,27,,,0,105,,78,27,,,0
100,'4663',1533,,6,9,,,0,123,,1,27,,,0,202,,2,27,,,0,269,,3,27,,,0,105,,4,27,,,0,175,,5,27,,,0
100,'5078',941,,72,27,,,0,82,,573,27,,,0,103,,63,27,,,0,85,,574,27,,,0,100,,66,27,,,0,101,,575,27,,,0,90,,576,27,,,0,100,,69,27,,,0,99,,577,27,,,0,58,,579,27,,,0,95,,73,27,,,0,101,,578,27,,,0
301,'4332',824,,234,20,,,0,118,,235,20,,,0,117,,236,20,,,0,154,,237,20,,,0,115,,238,20,,,0,100,,239,20,,,0,100,,240,20,,,0,177,,241,20,,,0,102,,637,20,,,0,117,,638,20,,,0
301,'4480',829,,641,20,,,0,114,,227,20,,,0,100,,640,20,,,0,100,,224,20,,,0,100,,642,20,,,0,105,,226,20,,,0,152,,223,20,,,0,40,,233,20,,,0,60,,230,20,,,0,100,,231,20,,,0,100,,232,20,,,0
301,'4661',1922,,252,20,,,0
301,'4663',1922,,220,20,,,0
301,'5078',842,,244,20,,,0,208,,644,20,,,0,100,,251,20,,,0,185,,247,20,,,0,105,,643,20,,,0,186,,249,20,,,0,99,,645,20,,,0,100,,646,20,,,0
