100,'4332',804,,57,19,,,0,99,,55,30,,,0,41,,38,30,,,0,80,,60,30,,,0,80,,40,30,,,0,40,,39,30,,,0,91,,42,30,,,0,71,,47,30,,,0,35,,59,30,,,0,66,,62,30,,,0,30,,41,30,,,0,70,,46,30,,,0,30,,44,30,,,0,69,,61,30,,,0,35,,43,30,,,0,70,,48,30,,,0,35,,561,30,,,0,83,,563,30,,,0,74,,564,30,,,0,40,,562,30,,,0,76,,52,30,,,0,36,,565,30,,,0,75,,53,30,,,0,105,,54,30,,,0,175,,58,30,,,0
100,'4480',647,,9,30,,,0,70,,567,30,,,0,19,,21,30,,,0,21,,26,30,,,0,61,,7,30,,,0,20,,8,30,,,0,16,,17,30,,,0,65,,22,30,,,0,20,,570,30,,,0,62,,12,30,,,0,20,,15,30,,,0,21,,569,30,,,0,70,,13,30,,,0,30,,23,30,,,0,76,,20,30,,,0,30,,566,30,,,0,72,,27,30,,,0,30,,10,30,,,0,75,,568,30,,,0,75,,572,30,,,0,29,,14,30,,,0,29,,29,30,,,0,59,,24,30,,,0,21,,35,30,,,0,80,,34,30,,,0,21,,31,30,,,0,69,,571,30,,,0,23,,28,30,,,0,105,,32,30,,,0,74,,30,30,,,0,40,,36,30,,,0
100,'4661',1536,,79,12,,,0,122,,75,30,,,0,243,,76,30,,,0,229,,77,30,,,0,105,,78,30,,,0
100,'4663',1536,,6,12,,,0,122,,1,30,,,0,243,,2,30,,,0,229,,3,30,,,0,105,,4,30,,,0,175,,5,30,,,0
100,'5078',944,,72,30,,,0,82,,573,30,,,0,103,,63,30,,,0,85,,574,30,,,0,100,,66,30,,,0,101,,575,30,,,0,90,,576,30,,,0,100,,69,30,,,0,98,,577,30,,,0,98,,579,30,,,0,55,,73,30,,,0,101,,578,30,,,0
400,'4332',911,,269,8,,,0,122,,263,8,,,0,116,,264,8,,,0,155,,265,8,,,0,110,,267,8,,,0,100,,266,8,,,0,103,,649,8,,,0,124,,647,8,,,0,160,,648,8,,,0
400,'4480',813,,650,8,,,0,103,,654,8,,,0,101,,652,8,,,0,106,,651,8,,,0,100,,260,8,,,0,109,,653,8,,,0,100,,259,8,,,0,192,,258,8,,,0,276,,257,8,,,0
400,'4661',1741,,275,8,,,0
400,'4663',1741,,253,8,,,0
400,'5078',1252,,655,8,,,0,292,,656,8,,,0,382,,657,8,,,0
1500,'5003',936,,786,9,,,0,80,,784,9,,,0,40,,785,9,,,0,280,,783,9,,,0,80,,782,9,,,0,40,,781,9,,,0
