100,'4332',837,,55,3,,,0,80,,38,3,,,0,40,,60,3,,,0,80,,40,3,,,0,80,,39,3,,,0,90,,42,3,,,0,30,,47,3,,,0,74,,59,3,,,0,26,,62,3,,,0,70,,41,3,,,0,30,,46,3,,,0,70,,44,3,,,0,30,,61,3,,,0,75,,43,3,,,0,30,,48,3,,,0,75,,561,3,,,0,85,,563,3,,,0,36,,564,3,,,0,81,,562,3,,,0,37,,52,3,,,0,76,,565,3,,,0,75,,53,3,,,0,105,,54,3,,,0,135,,58,3,,,0
100,'4480',624,,9,3,,,0,30,,567,3,,,0,58,,21,3,,,0,21,,26,3,,,0,19,,7,3,,,0,57,,8,3,,,0,15,,17,3,,,0,25,,22,3,,,0,60,,570,3,,,0,22,,12,3,,,0,20,,15,3,,,0,61,,569,3,,,0,30,,13,3,,,0,70,,23,3,,,0,35,,20,3,,,0,70,,566,3,,,0,32,,27,3,,,0,70,,10,3,,,0,34,,568,3,,,0,76,,572,3,,,0,29,,14,3,,,0,69,,29,3,,,0,21,,24,3,,,0,61,,35,3,,,0,41,,34,3,,,0,61,,31,3,,,0,29,,571,3,,,0,67,,28,3,,,0,105,,32,3,,,0,35,,30,3,,,0,80,,36,3,,,0
100,'4661',1629,,75,3,,,0,208,,76,3,,,0,270,,77,3,,,0,105,,78,3,,,0
100,'4663',1629,,1,3,,,0,208,,2,3,,,0,270,,3,3,,,0,105,,4,3,,,0,135,,5,3,,,0
100,'5078',917,,72,3,,,0,42,,573,3,,,0,143,,63,3,,,0,45,,574,3,,,0,100,,66,3,,,0,100,,575,3,,,0,90,,576,3,,,0,100,,69,3,,,0,100,,577,3,,,0,100,,579,3,,,0,95,,73,3,,,0,102,,578,3,,,0
200,'4480',757,,606,10,0,8 9,0
500,'4332',951,,666,3,,,0,108,,668,3,,,0,151,,669,3,,,0,110,,670,3,,,0,108,,667,3,,,0,105,,671,3,,,0,105,,665,3,,,0
500,'4480',835,,675,3,,,0,110,,679,3,,,0,110,,674,3,,,0,145,,677,3,,,0,105,,678,3,,,0,102,,680,3,,,0,95,,672,3,,,0,115,,673,3,,,0
500,'5078',1112,,682,3,,,0,130,,683,3,,,0,171,,684,3,,,0,144,,681,3,,,0
800,'4332',828,,421,3,0,7,0,100,,733,3,,,0,115,,730,3,,,0,108,,734,3,,,0,154,,731,3,,,0,110,,735,3,,,0,105,,732,3,,,0,105,,729,3,,,0,105,,411,3,,,0,118,,412,3,,,0,160,,413,3,,,0,140,,414,3,,,0
800,'4480',624,,738,3,,,0,115,,741,3,,,0,109,,399,3,,,0,102,,398,3,,,0,95,,736,3,,,0,105,,739,3,,,0,107,,737,3,,,0,145,,740,3,,,0,107,,404,3,,,0,48,,742,3,,,0,146,,403,3,,,0,99,,744,3,,,0,56,,406,3,,,0,150,,743,3,,,0,140,,408,3,,,0
800,'5078',940,,422,3,,,0,201,,423,3,,,0,176,,745,3,,,0,130,,425,3,,,0,175,,427,3,,,0,194,,746,3,,,0
1400,'4677',914,,527,10,,,0,214,,528,10,,,0,486,,529,10,,,0
