701,'4528',658,,1163,14,0,12,0,253,,1168,14,0,12,0,112,,1169,14,0,12,0,95,,1164,14,0,12,0,110,,1170,14,0,12,0,196,,1165,14,0,12,0,301,,1171,14,0,12,0,108,,1162,14,0,12,0
701,'4623',2043,,1173,14,0,12,0
701,'5222',2043,,1175,14,0,12,0
701,'5363',1108,,1180,14,0,12,0,207,,1177,14,0,12,0,413,,1179,14,0,12,0,315,,1178,14,0,12,0
801,'4528',644,,1218,5,,,0,110,,1216,5,,,0,104,,1217,5,,,0,100,,1219,5,,,0,145,,1220,5,,,0,105,,1221,5,,,0,103,,1222,5,,,0,200,,1223,5,,,0,100,,1228,5,,,0,105,,1224,5,,,0,97,,1226,5,,,0,110,,1225,5,,,0,181,,1227,5,,,0
801,'4623',1411,,1229,5,,,0
801,'5078',1042,,456,5,,,0,203,,761,5,,,0,174,,454,5,,,0,135,,455,5,,,0,170,,458,5,,,0,119,,762,5,,,0
801,'5222',1411,,1230,5,,,0
801,'5363',858,,1232,5,,,0,100,,1233,5,,,0,152,,1240,5,,,0,108,,1234,5,,,0,111,,1241,5,,,0,100,,1231,5,,,0,105,,1235,5,,,0,106,,1236,5,,,0,163,,1237,5,,,0,114,,1238,5,,,0,187,,1239,5,,,0
801,'5365',1042,,1245,5,,,0,203,,1242,5,,,0,174,,1243,5,,,0,135,,1244,5,,,0,170,,1247,5,,,0,119,,1246,5,,,0
