100,'4332',747,,57,3,,,0,99,,55,14,,,0,80,,38,14,,,0,80,,60,14,,,0,40,,40,14,,,0,80,,39,14,,,0,91,,42,14,,,0,30,,47,14,,,0,74,,59,14,,,0,26,,62,14,,,0,70,,41,14,,,0,30,,46,14,,,0,70,,44,14,,,0,29,,61,14,,,0,75,,43,14,,,0,30,,48,14,,,0,75,,561,14,,,0,85,,563,14,,,0,35,,564,14,,,0,81,,562,14,,,0,77,,52,14,,,0,36,,565,14,,,0,75,,53,14,,,0,105,,54,14,,,0,135,,58,14,,,0
100,'4480',632,,9,14,,,0,70,,567,14,,,0,18,,21,14,,,0,21,,26,14,,,0,59,,7,14,,,0,19,,8,14,,,0,16,,17,14,,,0,65,,22,14,,,0,20,,570,14,,,0,22,,12,14,,,0,60,,15,14,,,0,21,,569,14,,,0,30,,13,14,,,0,70,,23,14,,,0,35,,20,14,,,0,71,,566,14,,,0,72,,27,14,,,0,30,,10,14,,,0,74,,568,14,,,0,35,,572,14,,,0,69,,14,14,,,0,29,,29,14,,,0,21,,24,14,,,0,61,,35,14,,,0,81,,34,14,,,0,20,,31,14,,,0,29,,571,14,,,0,65,,28,14,,,0,105,,32,14,,,0,35,,30,14,,,0,80,,36,14,,,0
100,'4661',1640,,75,14,,,0,205,,76,14,,,0,270,,77,14,,,0,105,,78,14,,,0
100,'4663',1640,,1,14,,,0,205,,2,14,,,0,270,,3,14,,,0,105,,4,14,,,0,135,,5,14,,,0
100,'5078',926,,72,14,,,0,82,,573,14,,,0,103,,63,14,,,0,45,,574,14,,,0,100,,66,14,,,0,101,,575,14,,,0,90,,576,14,,,0,100,,69,14,,,0,99,,577,14,,,0,99,,579,14,,,0,95,,73,14,,,0,102,,578,14,,,0
500,'4332',846,,308,3,,,0,156,,666,16,,,0,108,,668,16,,,0,113,,669,16,,,0,110,,670,16,,,0,108,,667,16,,,0,104,,671,16,,,0,105,,665,16,,,0
500,'4480',814,,676,12,,,0,30,,675,16,,,0,110,,679,16,,,0,151,,674,16,,,0,107,,677,16,,,0,106,,678,16,,,0,102,,680,16,,,0,95,,672,16,,,0,115,,673,16,,,0
500,'5078',1123,,682,16,,,0,131,,683,16,,,0,171,,684,16,,,0,184,,681,16,,,0
601,'4332',817,,708,3,,,0,105,,709,3,,,0,105,,710,3,,,0,100,,711,3,,,0,110,,364,3,,,0,105,,712,3,,,0,105,,366,3,,,0,100,,713,3,,,0,100,,362,3,,,0,100,,368,3,,,0,100,,714,3,,,0,90,,370,3,,,0,90,,371,3,,,0
601,'4480',617,,355,3,,,0,100,,350,3,,,0,100,,356,3,,,0,102,,344,3,,,0,103,,357,3,,,0,105,,715,3,,,0,110,,717,3,,,0,95,,353,3,,,0,100,,348,3,,,0,105,,354,3,,,0,95,,349,3,,,0,110,,345,3,,,0,95,,716,3,,,0,100,,346,3,,,0,90,,352,3,,,0
601,'5078',1002,,372,3,,,0,205,,373,3,,,0,135,,374,3,,,0,170,,375,3,,,0,135,,376,3,,,0
1100,'4332',926,,495,3,,,0,117,,491,3,,,0,397,,769,3,,,0,401,,493,3,,,0,371,,494,3,,,0
1100,'4480',656,,771,3,,,0,270,,488,3,,,0,117,,484,3,,,0,276,,770,3,,,0,120,,772,3,,,0,402,,486,3,,,0,371,,490,3,,,0
1200,'4332',1138,,777,3,,,0,599,,514,3,,,0
1200,'4480',607,,778,3,,,0,125,,512,3,,,0,406,,511,3,,,0,193,,508,3,,,0,306,,510,3,,,0,100,,509,3,,,0
1301,'4677',939,,524,3,,,0,214,,525,3,,,0,486,,526,3,,,0
9900,'4480',800,,803,3,0,5 6,0
