501,'4528',712,,1112,8,,,0,113,,1105,8,,,0,93,,1106,13,,,0,117,,1107,13,,,0,105,,1108,13,,,0,107,,1109,13,,,0,106,,1110,13,,,0,92,,1111,13,,,0,97,,1103,13,,,0,113,,1104,13,,,0
501,'5078',914,,707,13,,,0,238,,704,13,,,0,179,,705,13,,,0,170,,703,13,,,0,151,,706,13,,,0
501,'5363',1031,,1115,13,,,0,108,,1116,13,,,0,117,,1117,13,,,0,145,,1119,13,,,0,108,,1118,13,,,0,106,,1113,13,,,0
501,'5365',914,,1126,13,,,0,238,,1123,13,,,0,179,,1124,13,,,0,170,,1122,13,,,0,151,,1125,13,,,0
701,'4528',802,,1166,22,,,0,749,,1167,22,,,0
701,'4623',1630,,1172,22,,,0
701,'5222',1630,,1174,22,,,0
701,'5363',904,,1176,22,,,0,653,,1181,22,,,0
801,'4528',655,,1218,20,,,0,150,,1216,20,,,0,104,,1217,20,,,0,100,,1219,20,,,0,105,,1220,20,,,0,105,,1221,20,,,0,103,,1222,20,,,0,200,,1223,20,,,0,100,,1228,20,,,0,105,,1224,20,,,0,97,,1226,20,,,0,110,,1225,20,,,0,181,,1227,20,,,0
801,'4623',1422,,1229,20,,,0
801,'5078',1053,,456,20,,,0,203,,761,20,,,0,174,,454,20,,,0,175,,455,20,,,0,130,,458,20,,,0,119,,762,20,,,0
801,'5222',1422,,1230,20,,,0
801,'5363',909,,1232,20,,,0,100,,1233,20,,,0,112,,1240,20,,,0,108,,1234,20,,,0,111,,1241,20,,,0,100,,1231,20,,,0,105,,1235,20,,,0,106,,1236,20,,,0,163,,1237,20,,,0,114,,1238,20,,,0,187,,1239,20,,,0
801,'5365',1053,,1245,20,,,0,203,,1242,20,,,0,174,,1243,20,,,0,175,,1244,20,,,0,130,,1247,20,,,0,119,,1246,20,,,0
