1001,'4528',716,,1265,9,,,0,205,,1263,9,0,10 11 2,0,409,,1266,9,,,0,393,,1264,9,0,10 11 2,0
1001,'4623',2105,,1267,9,,,0
1001,'5078',1042,,482,4,,,0,687,,483,4,,,0
1001,'5222',2105,,1268,9,,,0
1001,'5363',908,,1269,9,0,10 11 2,0,422,,1270,9,,,0,385,,1271,9,0,10 11 2,0,390,,1272,9,,,0
1001,'5365',1042,,1273,4,,,0,687,,1274,4,,,0
1401,'5212',843,,1321,14,,,0,214,,1322,14,,,0,486,,1323,14,,,0
2001,'4528',1024,,1340,4,,,0,105,,1338,4,,,0,105,,1337,4,,,0,385,,1336,6,,,0,120,,1339,4,,,0
2001,'4623',1438,,1341,4,,,0
2001,'5078',1210,,802,4,,,0,307,,801,4,,,0
2001,'5222',1438,,1342,4,,,0
2001,'5363',801,,1343,4,,,0,227,,1346,4,,,0,112,,1345,4,,,0,315,,1347,4,,,0,145,,1348,4,,,0,340,,1344,4,,,0
2001,'5365',1208,,1350,4,,,0,309,,1349,4,,,0
