100,111275,1,0
100,111276,2,0
100,111277,3,0
100,134005,4,0
100,111278,5,0
100,111280,6,0
100,110539,7,0
100,111281,8,0
100,111282,9,0
100,111284,10,0
100,111286,11,0
100,110530,12,0
100,111381,13,0
100,111296,14,0
100,111297,15,0
100,111298,16,0
100,111476,17,0
100,111477,18,0
100,111300,19,0
100,111301,20,0
100,111373,21,0
100,111302,22,0
100,111303,23,0
100,111304,24,0
100,111305,25,0
100,111306,26,0
100,110532,27,0
100,111347,28,0
100,111348,29,0
100,111349,30,0
100,110531,31,1
101,111323,1,0
101,111324,2,0
101,111325,3,0
101,111326,4,0
101,111367,5,0
101,111368,6,0
101,111369,7,0
101,111370,8,0
101,111371,9,0
101,134014,10,0
101,111372,11,0
101,111374,12,0
101,111375,13,0
101,111478,14,0
101,111377,15,0
101,134010,16,0
101,110305,17,0
101,111378,18,0
101,111379,19,0
101,111380,20,0
101,111489,21,0
101,111486,22,1
101,111270,23,0
101,111488,24,0
101,111271,25,0
101,111474,26,0
101,134002,27,0
101,111272,28,0
101,111273,29,0
101,111274,30,0
101,134004,31,0
101,134006,32,0
101,111275,33,1
200,111290,1,0
200,111291,2,0
200,111292,3,0
200,111293,4,0
200,111501,5,0
200,111500,6,0
200,111294,7,0
200,111502,8,0
200,111295,9,0
200,134006,10,0
200,111275,11,1
200,111277,12,0
200,134005,13,0
200,111278,14,1
201,111275,1,0
201,111276,2,0
201,111507,3,0
201,111503,4,0
201,111504,5,0
201,111505,6,0
201,111289,7,0
201,111290,8,1
301,110531,1,0
301,110537,2,0
301,110538,3,0
301,111352,4,0
301,111353,5,0
301,110552,6,0
301,111355,7,0
301,111356,8,0
301,111357,9,0
301,111358,10,0
301,111359,11,0
301,111360,12,0
301,111361,13,0
301,111362,14,0
301,111363,15,0
301,111364,16,0
301,111365,17,0
301,111366,18,0
301,111367,19,0
301,110532,20,0
301,111327,21,0
301,111328,22,0
301,111329,23,0
301,111330,24,0
301,111331,25,0
301,110533,26,0
301,110534,27,0
301,110535,28,0
301,110536,29,0
301,111322,30,0
301,111323,31,1
301,134008,32,0
301,111370,33,0
301,111371,34,0
301,134014,35,0
301,111372,36,0
301,111374,37,0
301,111375,38,0
301,111479,39,1
400,111278,1,0
400,111459,2,0
400,111337,3,0
400,103871,4,0
400,103870,5,0
400,110545,6,0
400,111340,7,0
400,111349,8,0
400,110531,9,1
401,111323,1,0
401,111324,2,0
401,111332,3,0
401,111333,4,0
401,110377,5,0
401,103872,6,0
401,111336,7,0
401,111499,8,0
401,111278,9,1
500,111278,1,0
500,111459,2,0
500,111337,3,0
500,111486,4,0
500,111381,5,0
500,111296,6,0
500,110270,7,0
500,110526,8,1
501,110526,1,0
501,111380,2,0
501,111489,3,0
501,111486,4,1
601,111486,1,0
601,111381,2,0
601,111296,3,0
601,111297,4,0
601,111298,5,0
601,111384,6,0
601,111456,7,0
601,111473,8,0
601,111455,9,0
601,111385,10,0
601,111386,11,0
601,111387,12,0
601,111388,13,0
601,111389,14,0
601,111481,15,0
601,134013,16,0
601,110565,17,0
601,111480,18,0
601,134010,19,0
601,111299,20,0
601,111476,21,0
601,110248,22,0
601,111390,23,0
601,111391,24,0
601,111392,25,0
601,111393,26,0
601,111394,27,0
601,111463,28,0
601,111395,29,0
601,111396,30,0
601,111378,31,0
601,111379,32,0
601,111380,33,0
601,111489,34,0
701,111486,1,0
701,111397,2,0
701,111398,3,0
701,111399,4,0
701,111400,5,0
701,111401,6,0
701,111457,7,0
701,111464,8,0
701,111402,9,0
701,111465,10,0
701,111491,11,0
701,111404,12,0
701,111405,13,0
701,111406,14,0
701,111461,15,0
701,111407,16,0
701,111467,17,0
701,111408,18,0
701,111409,19,0
701,111410,20,0
701,111411,21,0
701,111413,22,0
701,111414,23,0
701,134004,24,0
701,111278,25,1
701,134003,26,0
701,111432,27,0
701,111286,28,0
800,111275,1,0
800,111276,2,0
800,111277,3,0
800,134005,4,0
800,111278,5,0
800,111423,6,0
800,111412,7,0
800,111424,8,0
800,111425,9,0
800,111426,10,0
800,111427,11,0
800,111428,12,0
800,111429,13,0
800,111430,14,0
800,111417,15,0
800,111431,16,0
800,110550,17,0
800,110566,18,0
800,111432,19,0
800,111286,20,0
800,111486,21,1
801,111486,1,0
801,111397,2,0
801,111415,3,0
801,111416,4,0
801,134003,5,0
801,111398,6,0
801,111399,7,0
801,111404,8,0
801,111405,9,0
801,111406,10,0
801,111418,11,0
801,111419,12,0
801,111420,13,0
801,111421,14,0
801,111422,15,0
801,111408,16,0
801,111409,17,0
801,111410,18,0
801,111411,19,0
801,111413,20,0
801,111414,21,0
801,134004,22,0
801,134006,23,0
801,111275,24,1
1000,111438,1,0
1000,110551,2,0
1000,103864,3,0
1000,110336,4,0
1000,103863,5,0
1000,110337,6,0
1000,111442,7,0
1000,110338,8,0
1000,103862,9,0
1000,111483,10,0
1000,103869,11,0
1000,134007,12,0
1000,111278,13,0
1000,111459,14,0
1000,111337,15,0
1000,111383,16,0
1000,110529,17,0
1000,111486,18,1
1001,111486,1,0
1001,110528,2,0
1001,111382,3,0
1001,111490,4,0
1001,111336,5,0
1001,111499,6,0
1001,111278,7,0
1001,134004,8,0
1001,134006,9,0
1001,110524,10,0
1001,103868,11,0
1001,103867,12,0
1001,103865,13,0
1001,110493,14,0
1001,111435,15,0
1001,110523,16,0
1001,110324,17,0
1001,111437,18,0
1001,111438,19,1
1100,111486,1,0
1100,111381,2,0
1100,111296,3,0
1100,111297,4,0
1100,111298,5,0
1100,111476,6,0
1100,111448,7,0
1100,134012,8,0
1100,110379,9,0
1100,111449,10,0
1100,111450,11,0
1100,111451,12,0
1100,111452,13,1
1101,111452,1,0
1101,110525,2,0
1101,111475,3,0
1101,134010,4,0
1101,110305,5,0
1101,111378,6,0
1101,111379,7,0
1101,111380,8,0
1101,111489,9,0
1101,111486,10,1
1200,111486,1,0
1200,111381,2,0
1200,111296,3,0
1200,110270,4,0
1200,111492,5,0
1200,110546,6,0
1200,134023,7,0
1200,134017,8,0
1200,110542,9,0
1200,110544,10,0
1200,134019,11,0
1200,134020,12,0
1200,110398,13,0
1200,134021,14,1
1201,134021,1,0
1201,112064,2,0
1201,103860,3,0
1201,110553,4,0
1201,110554,5,0
1201,110413,6,0
1201,103861,7,0
1201,110543,8,0
1201,134018,9,0
1201,134016,10,0
1201,110547,11,0
1201,110227,12,0
1201,110303,13,0
1201,134010,14,0
1201,111299,15,0
1201,110305,16,0
1201,111378,17,0
1201,111379,18,0
1201,111380,19,0
1201,111489,20,0
1201,111486,21,1
1301,111486,1,0
1301,111381,2,0
1301,111296,3,0
1301,111297,4,0
1301,111298,5,0
1301,111299,6,0
1301,111476,7,0
1301,111448,8,0
1301,134012,9,0
1301,110379,10,0
1301,110397,11,0
1301,110420,12,0
1301,134017,13,0
1301,110448,14,0
1301,110526,15,0
1301,111380,16,0
1301,111489,17,0
1400,103863,1,0
1400,110337,2,0
1400,111442,3,0
1400,110338,4,0
1400,103862,5,0
1400,111483,6,0
1400,103869,7,0
1400,111275,8,0
1400,111276,9,0
1400,111277,10,0
1400,134005,11,0
1400,111278,12,0
1400,111280,13,0
1400,110539,14,0
1400,111281,15,0
1400,111282,16,0
1400,111284,17,0
1400,111286,18,0
1400,111486,19,1
1401,111486,1,0
1401,111488,2,0
1401,111271,3,0
1401,111474,4,0
1401,134002,5,0
1401,111272,6,0
1401,111273,7,0
1401,111274,8,0
1401,134004,9,0
1401,111278,10,0
1401,134006,11,0
1401,110524,12,0
1401,103868,13,0
1401,103867,14,0
1401,103865,15,0
1401,110493,16,0
1401,111435,17,0
1401,110523,18,0
1401,103863,19,1
1500,111476,1,0
1500,111384,2,0
1500,111456,3,0
1500,111473,4,0
1500,110560,5,0
1500,110558,6,0
1500,110556,7,0
1500,111340,8,0
1500,111349,9,0
1500,110531,10,1
1501,110531,1,0
1501,110537,2,0
1501,111322,3,0
1501,111324,4,0
1501,111332,5,0
1501,110555,6,0
1501,110557,7,0
1501,110559,8,0
1501,110561,9,0
1501,111476,10,1
2001,111278,1,0
2001,134006,2,0
2001,111275,3,0
2001,111276,4,0
2001,103868,5,0
2001,103867,6,0
2001,103862,7,0
2001,111506,8,0
2001,111288,9,0
2001,111289,10,0
2001,111290,11,1
9900,111486,1,0
9900,111381,2,0
9900,111296,3,0
9900,111297,4,0
9900,111298,5,0
9900,111448,6,0
9900,134011,7,0
9900,103873,8,0
9900,111450,9,0
9900,111451,10,0
9900,134008,11,0
9900,111370,12,0
9900,111371,13,0
9900,134014,14,0
9900,111372,15,0
9900,111374,16,0
9900,111375,17,0
9900,111479,18,0
9900,111478,19,0
9900,111377,20,0
9900,110248,21,0
9900,111390,22,0
9900,111391,23,0
9900,111392,24,0
9900,111393,25,0
9900,111394,26,0
9900,111463,27,0
9900,111395,28,0
9900,111396,29,0
9900,111384,30,0
9900,111456,31,0
9900,111473,32,0
9900,111455,33,0
9900,111385,34,0
9900,111386,35,0
9900,111387,36,0
9900,111388,37,0
9900,111389,38,0
9900,111481,39,0
9900,110247,40,0
9900,110526,41,0
9900,111380,42,0
9900,111489,43,0
9901,111492,1,0
9901,110227,2,0
9901,111390,3,0
9901,111391,4,0
9901,111392,5,0
9901,111393,6,0
9901,111394,7,0
9901,111463,8,0
9901,111395,9,0
9901,111396,10,0
9901,111384,11,0
9901,111456,12,0
9901,111473,13,0
9901,111455,14,0
9901,111385,15,0
9901,111386,16,0
9901,111387,17,0
9901,111388,18,0
9901,111389,19,0
9901,111481,20,0
9901,111479,21,0
9901,111301,22,0
9901,111373,23,0
9901,111302,24,0
9901,111303,25,0
9901,111304,26,0
9901,134009,27,0
9901,103874,28,0
9901,111475,29,0
9901,134010,30,0
9901,111299,31,0
9901,111378,32,0
9901,111379,33,0
9901,111380,34,0
9901,111489,35,0
9901,111486,36,1
