701,'4528',652,,1163,2,0,12,0,95,,1166,2,,,0,158,,1168,2,0,12,0,112,,1169,2,0,12,0,95,,1164,2,0,12,0,110,,1170,2,0,12,0,196,,1165,2,0,12,0,118,,1167,2,,,0,183,,1171,2,0,12,0,108,,1162,2,0,12,0
701,'4623',1615,,1172,2,,,0,422,,1173,2,0,12,0
701,'5222',1615,,1174,2,,,0,422,,1175,2,0,12,0
701,'5363',849,,1176,2,,,0,253,,1180,2,0,12,0,207,,1177,2,0,12,0,233,,1181,2,,,0,180,,1179,2,0,12,0,315,,1178,2,0,12,0
801,'4528',643,,1218,2,,,0,110,,1216,2,,,0,104,,1217,2,,,0,100,,1219,2,,,0,145,,1220,2,,,0,105,,1221,2,,,0,103,,1222,2,,,0,200,,1223,2,,,0,100,,1228,2,,,0,105,,1224,2,,,0,97,,1226,2,,,0,110,,1225,2,,,0,181,,1227,2,,,0
801,'4623',1410,,1229,2,,,0
801,'5078',1041,,456,2,,,0,203,,761,2,,,0,174,,454,2,,,0,135,,455,2,,,0,170,,458,2,,,0,119,,762,2,,,0
801,'5222',1410,,1230,2,,,0
801,'5363',857,,1232,2,,,0,100,,1233,2,,,0,152,,1240,2,,,0,108,,1234,2,,,0,111,,1241,2,,,0,100,,1231,2,,,0,105,,1235,2,,,0,106,,1236,2,,,0,163,,1237,2,,,0,114,,1238,2,,,0,187,,1239,2,,,0
801,'5365',1041,,1245,2,,,0,203,,1242,2,,,0,174,,1243,2,,,0,135,,1244,2,,,0,170,,1247,2,,,0,119,,1246,2,,,0
