101,'4480',803,,585,18,4,,0
501,'4332',855,,686,6,4,,0,171,,687,6,,,0,108,,688,6,,,0,114,,689,6,,,0,110,,691,6,,,0,145,,690,6,,,0,105,,685,6,,,0,100,,692,6,4,,0,129,,338,6,4,,0
501,'4480',714,,702,1,,,0,103,,695,1,,,0,110,,696,6,,,0,100,,697,6,,,0,105,,698,6,,,0,107,,699,6,,,0,105,,700,6,,,0,93,,701,6,,,0,94,,322,6,4,,0,3,,693,6,,,0,114,,694,6,,,0
501,'5078',907,,707,6,,,0,238,,704,6,,,0,179,,705,6,,,0,130,,703,6,,,0,191,,706,6,,,0
601,'4332',815,,708,1,,,0,32,,708,35,4,,0,73,,709,1,,,0,32,,709,35,4,,0,73,,710,1,,,0,32,,710,35,4,,0,68,,711,1,,,0,32,,711,35,4,,0,78,,364,1,,,0,72,,364,35,4,,0,33,,712,1,,,0,72,,712,35,4,,0,33,,366,1,,,0,72,,366,35,4,,0,28,,713,1,,,0,72,,713,35,4,,0,28,,362,1,,,0,72,,362,35,4,,0,28,,368,1,,,0,72,,368,35,4,,0,28,,714,1,,,0,72,,714,35,4,,0,18,,370,1,,,0,72,,370,35,4,,0,18,,371,1,,,0,32,,371,35,4,,0
601,'4480',615,,355,1,,,0,32,,355,35,4,,0,68,,350,1,,,0,32,,350,35,4,,0,68,,356,1,,,0,32,,356,35,4,,0,70,,344,1,,,0,32,,344,35,4,,0,71,,357,1,,,0,32,,357,35,4,,0,73,,715,1,,,0,32,,715,35,4,,0,78,,717,1,,,0,72,,717,35,4,,0,23,,353,1,,,0,72,,353,35,4,,0,28,,348,1,,,0,72,,348,35,4,,0,33,,354,1,,,0,72,,354,35,4,,0,23,,349,1,,,0,72,,349,35,4,,0,38,,345,1,,,0,72,,345,35,4,,0,23,,716,1,,,0,72,,716,35,4,,0,28,,346,1,,,0,72,,346,35,4,,0,18,,352,1,,,0,32,,352,35,4,,0
601,'5078',1000,,372,1,,,0,32,,372,35,4,,0,173,,373,1,,,0,32,,373,35,4,,0,103,,374,1,,,0,72,,374,35,4,,0,98,,375,1,,,0,32,,375,35,4,,0,103,,376,1,,,0,72,,376,35,4,,0
701,'4332',847,,719,1,,,0,254,,721,1,0,12,0,12,,721,17,4,,0,194,,718,1,0,12,0,12,,718,17,4,,0,221,,722,1,,,0,170,,720,1,0,12,0,12,,720,17,4,,0,313,,391,1,0,12,0,12,,391,17,4,,0
701,'4480',655,,723,1,0,12,0,52,,723,17,4,,0,38,,727,1,,,0,158,,385,1,0,12,0,12,,385,17,4,,0,100,,386,1,0,12,0,12,,386,17,4,,0,83,,724,1,0,12,0,12,,724,17,4,,0,98,,728,1,0,12,0,12,,728,17,4,,0,183,,725,1,0,12,0,12,,725,17,4,,0,106,,384,1,,,0,82,,379,1,,,0,103,,388,1,0,12,0,12,,388,17,4,,0,87,,377,1,0,12,0,12,,377,17,4,,0,206,,726,1,0,12,0,12,,726,17,4,,0
800,'4332',944,,733,21,4,,0,115,,730,21,4,,0,149,,734,21,4,,0,114,,731,21,4,,0,110,,735,21,4,,0,105,,732,21,4,,0,104,,729,21,4,,0,105,,411,21,4,,0,158,,412,21,4,,0,120,,413,21,4,,0,180,,414,21,4,,0
800,'4480',639,,738,21,4,,0,115,,741,21,4,,0,149,,399,21,4,,0,102,,398,21,4,,0,95,,736,21,4,,0,105,,739,21,4,,0,108,,737,21,4,,0,105,,740,21,4,,0,107,,404,21,4,,0,88,,742,21,4,,0,105,,403,21,4,,0,99,,744,21,4,,0,96,,406,21,4,,0,110,,743,21,4,,0,180,,408,21,4,,0
800,'5078',955,,422,21,4,,0,202,,423,21,4,,0,176,,745,21,4,,0,170,,425,21,4,,0,135,,427,21,4,,0,193,,746,21,4,,0
801,'4332',855,,747,1,,,0,100,,748,1,,,0,152,,752,1,,,0,110,,749,1,,,0,109,,753,1,,,0,100,,750,1,,,0,105,,751,1,,,0,107,,447,1,,,0,163,,448,1,,,0,113,,449,1,,,0,187,,450,1,,,0
801,'4480',642,,754,1,,,0,110,,428,1,,,0,103,,429,1,,,0,100,,755,1,,,0,145,,756,1,,,0,105,,757,1,,,0,105,,758,1,,,0,100,,431,1,,,0,97,,436,1,,,0,100,,441,1,,,0,100,,759,1,,,0,104,,439,1,,,0,110,,760,1,,,0,180,,440,1,,,0
801,'5078',1039,,456,1,,,0,203,,761,1,,,0,174,,454,1,,,0,135,,455,1,,,0,170,,458,1,,,0,119,,762,1,,,0
1000,'4332',1034,,466,19,4,,0,401,,467,18,4,,0,403,,763,19,4,,0,368,,468,18,4,,0
1000,'4480',811,,465,10,4,,0,10,,461,18,4,,0,35,,765,18,4,,0,193,,463,19,4,,0,386,,462,18,4,,0,416,,464,19,4,,0,355,,764,18,4,,0
1001,'4332',852,,478,1,0,10 11 2,0,462,,479,1,,,0,345,,766,1,0,10 11 2,0,391,,481,1,,,0
1001,'4480',700,,476,1,,,0,39,,767,1,,,0,166,,473,1,0,10 11 2,0,409,,477,1,,,0,393,,474,1,0,10 11 2,0,343,,768,1,,,0
1100,'4332',924,,495,1,,,0,117,,491,1,,,0,397,,769,1,,,0,402,,493,1,,,0,371,,494,1,,,0
1100,'4480',655,,771,1,,,0,269,,488,1,,,0,117,,484,1,,,0,276,,770,1,,,0,120,,772,1,,,0,403,,486,1,,,0,371,,490,1,,,0
1101,'4332',1013,,507,10,4,,0,117,,503,10,4,,0,398,,773,10,4,,0,398,,505,10,4,,0,330,,506,10,4,,0
1101,'4480',738,,775,10,4,,0,274,,498,10,4,,0,118,,500,10,4,,0,279,,774,10,4,,0,120,,776,10,4,,0,397,,497,10,4,,0,330,,502,10,4,,0
1200,'4332',1137,,777,1,,,0,599,,514,1,,,0
1200,'4480',606,,778,1,,,0,125,,512,1,,,0,406,,511,1,,,0,193,,508,1,,,0,306,,510,1,,,0,100,,509,1,,,0
1201,'4332',1259,,779,15,4,,0,600,,522,15,4,,0
1201,'4480',730,,780,21,4,,0,125,,517,21,4,,0,447,,518,21,4,,0,198,,516,21,4,,0,300,,519,21,4,,0,102,,521,21,4,,0
1301,'4677',937,,524,1,,,0,92,,524,18,4,,0,122,,525,1,,,0,92,,525,18,4,,0,394,,526,1,,,0,92,,526,18,4,,0
1400,'4677',924,,527,19,4,,0,214,,528,19,4,,0,487,,529,19,4,,0
1401,'4677',830,,530,1,,,0,214,,531,1,,,0,486,,532,1,,,0
9900,'4480',759,,803,1,0,5 6,0,143,,803,47,4,,0
9901,'4480',1613,,560,36,4,,0
