400,'4528',904,,1046,2,,,0,101,,1042,2,,,0,111,,1041,2,,,0,123,,1045,2,,,0,207,,1044,2,,,0,400,,1043,2,,,0
400,'4623',1636,,1047,2,,,0,105,,1048,2,,,0
400,'5078',1241,,655,2,,,0,292,,656,2,,,0,383,,657,2,,,0
400,'5222',1636,,1049,2,,,0,105,,1050,2,,,0
400,'5363',946,,1056,2,,,0,101,,1051,2,,,0,154,,1053,2,,,0,104,,1054,2,,,0,196,,1052,2,,,0,105,,1058,2,,,0,115,,1055,2,,,0,132,,1057,2,,,0
400,'5365',1241,,1059,2,,,0,291,,1060,2,,,0,384,,1061,2,,,0
1000,'4528',803,,1253,6,,,0,10,,1249,14,,,0,35,,1248,14,,,0,193,,1251,15,,,0,386,,1250,14,,,0,416,,1252,15,,,0
1000,'4623',2158,,1254,14,,,0
1000,'5222',2158,,1255,14,,,0
1000,'5363',1026,,1256,15,,,0,401,,1257,14,,,0,404,,1259,15,,,0,327,,1258,14,,,0
