1,100,'4332',38,39,40,41,42,43,44,561,46,47,48,562,563,564,52,53,54,55,565,57,58,59,60,61,62
1,100,'4480',7,8,9,10,566,12,13,14,15,567,17,568,569,20,21,22,23,24,570,26,27,28,29,30,31,32,571,34,35,36,572
1,100,'4661',75,76,77,78,79
1,100,'4663',1,2,3,4,5,6
1,100,'5078',63,573,574,66,575,576,69,577,578,72,73,579
1,101,'4332',118,119,120,121,122,123,124,125,126,580,581,129,582,131,583,584,134,135,136,137,138,139,140,141,142
1,101,'4480',585,586,87,88,89,90,91,92,93,587,95,588,589,98,99,100,101,102,103,104,105,590,107,108,109,110,111,112,113,114,591,116,592
1,101,'4661',154,155,156,157
1,101,'4663',80,81,82,83,84
1,101,'5078',143,144,593,146,594,148,595,596,597,152,598
2,200,'4332',599,177,600,601,602,603,604,183,184,185,186,605,188
2,200,'4480',606,160,607,608,163,164,165,609,167,610,169,611,612,613,614,174,615
2,200,'4663',158
2,200,'5078',616,617,618,619,620,621,622
2,201,'4332',623,624,210,211,212,625,214
2,201,'4480',626,627,199,628,201,202,629,630,205,206,631
2,201,'4663',196
2,201,'5078',632,633,634,635,636
3,301,'4332',234,235,236,237,238,239,240,241,637,638
3,301,'4480',639,222,223,224,640,226,227,641,642,230,231,232,233
3,301,'4661',252
3,301,'4663',220
3,301,'5078',244,643,644,247,645,249,646,251
4,400,'4332',263,264,265,266,267,647,269,648,649
4,400,'4480',650,651,652,257,258,259,260,653,654
4,400,'4661',275
4,400,'4663',253
4,400,'5078',655,656,657
4,401,'4332',285,286,287,288,289,290,658,292,293
4,401,'4480',277,278,659,280,660,282,661,662
4,401,'4661',297
4,401,'4663',276
4,401,'5078',663,295,664
5,500,'4332',665,308,666,667,668,669,670,671
5,500,'4480',672,673,674,675,676,677,678,679,680
5,500,'5078',681,682,683,684
5,501,'4332',685,686,687,688,689,690,691,692,338
5,501,'4480',693,694,695,322,696,697,698,699,700,701,702
5,501,'5078',703,704,705,706,707
6,601,'4332',708,709,710,362,711,364,712,366,713,368,714,370,371
6,601,'4480',344,345,346,715,348,349,350,716,352,353,354,355,356,357,717
6,601,'5078',372,373,374,375,376
7,701,'4332',718,719,391,720,721,722
7,701,'4480',377,723,379,724,725,726,727,384,385,386,728,388
8,800,'4332',729,411,412,413,414,730,731,732,733,734,735,421
8,800,'4480',736,737,738,398,399,739,740,741,403,404,742,406,743,408,744
8,800,'5078',422,423,745,425,746,427
8,801,'4332',747,748,749,750,751,447,448,449,450,752,753
8,801,'4480',428,429,754,431,755,756,757,758,436,759,760,439,440,441
8,801,'5078',761,454,455,456,762,458
10,1000,'4332',466,467,468,763
10,1000,'4480',764,765,461,462,463,464,465
10,1000,'5078',470,471
10,1001,'4332',478,479,766,481
10,1001,'4480',767,473,474,768,476,477
10,1001,'5078',482,483
11,1100,'4332',491,769,493,494,495
11,1100,'4480',484,770,486,771,488,772,490
11,1101,'4332',503,773,505,506,507
11,1101,'4480',774,497,498,775,500,776,502
12,1200,'4332',514,777
12,1200,'4480',508,509,510,511,512,778
12,1201,'4332',522,779
12,1201,'4480',516,517,518,519,780,521
13,1301,'4677',524,525,526
14,1400,'4677',527,528,529
14,1401,'4677',530,531,532
15,1500,'5003',781,782,783,784,785,786
15,1501,'5003',787,788,789,790,791,792
20,2001,'4332',551,793,794,795,555,796
20,2001,'4480',545,797,547,798,799,800
20,2001,'5078',801,802
99,9900,'4480',803
99,9901,'4480',560
