100,'4332',838,,55,5,,,0,80,,38,5,,,0,40,,60,5,,,0,80,,40,5,,,0,80,,39,5,,,0,91,,42,5,,,0,30,,47,5,,,0,74,,59,5,,,0,26,,62,5,,,0,70,,41,5,,,0,30,,46,5,,,0,70,,44,5,,,0,29,,61,5,,,0,75,,43,5,,,0,30,,48,5,,,0,75,,561,5,,,0,85,,563,5,,,0,36,,564,5,,,0,81,,562,5,,,0,37,,52,5,,,0,76,,565,5,,,0,75,,53,5,,,0,105,,54,5,,,0,135,,58,5,,,0
100,'4480',625,,9,5,,,0,30,,567,5,,,0,58,,21,5,,,0,21,,26,5,,,0,19,,7,5,,,0,57,,8,5,,,0,15,,17,5,,,0,25,,22,5,,,0,60,,570,5,,,0,22,,12,5,,,0,20,,15,5,,,0,61,,569,5,,,0,30,,13,5,,,0,70,,23,5,,,0,35,,20,5,,,0,71,,566,5,,,0,32,,27,5,,,0,70,,10,5,,,0,34,,568,5,,,0,76,,572,5,,,0,69,,14,5,,,0,29,,29,5,,,0,21,,24,5,,,0,61,,35,5,,,0,41,,34,5,,,0,60,,31,5,,,0,29,,571,5,,,0,67,,28,5,,,0,105,,32,5,,,0,35,,30,5,,,0,80,,36,5,,,0
100,'4661',1631,,75,5,,,0,207,,76,5,,,0,270,,77,5,,,0,105,,78,5,,,0
100,'4663',1631,,1,5,,,0,207,,2,5,,,0,270,,3,5,,,0,105,,4,5,,,0,135,,5,5,,,0
100,'5078',918,,72,5,,,0,82,,573,5,,,0,103,,63,5,,,0,45,,574,5,,,0,100,,66,5,,,0,101,,575,5,,,0,90,,576,5,,,0,100,,69,5,,,0,99,,577,5,,,0,100,,579,5,,,0,95,,73,5,,,0,102,,578,5,,,0
200,'4480',758,,606,12,4,,0
400,'4332',859,,269,1,,,0,162,,263,1,,,0,116,,264,1,,,0,115,,265,1,,,0,150,,267,1,,,0,100,,266,1,,,0,103,,649,1,,,0,125,,647,1,,,0,120,,648,1,,,0
400,'4480',802,,650,1,,,0,102,,654,1,,,0,101,,652,1,,,0,106,,651,1,,,0,100,,260,1,,,0,109,,653,1,,,0,100,,259,1,,,0,192,,258,1,,,0,237,,257,1,,,0
400,'4661',1730,,275,1,,,0
400,'4663',1730,,253,1,,,0
400,'5078',1240,,655,1,,,0,292,,656,1,,,0,383,,657,1,,,0
401,'4332',857,,290,9,4,,0,162,,285,9,4,,0,116,,286,9,4,,0,115,,287,9,4,,0,150,,289,9,4,,0,100,,288,9,4,,0,132,,293,9,4,,0,104,,292,9,4,,0,100,,658,9,4,,0
401,'4480',902,,660,9,4,,0,101,,659,9,4,,0,106,,662,9,4,,0,100,,280,9,4,,0,108,,661,9,4,,0,101,,282,9,4,,0,190,,277,9,4,,0,241,,278,9,4,,0
401,'4661',1723,,297,9,4,,0
401,'4663',1723,,276,9,4,,0
401,'5078',905,,295,9,4,,0,333,,663,9,4,,0,292,,664,9,4,,0
500,'4332',952,,666,5,,,0,148,,668,5,,,0,112,,669,5,,,0,110,,670,5,,,0,108,,667,5,,,0,104,,671,5,,,0,105,,665,5,,,0
500,'4480',805,,676,1,,,0,31,,675,5,,,0,110,,679,5,,,0,110,,674,5,,,0,146,,677,5,,,0,105,,678,5,,,0,102,,680,5,,,0,95,,672,5,,,0,115,,673,5,,,0
500,'5078',1114,,682,5,,,0,130,,683,5,,,0,171,,684,5,,,0,144,,681,5,,,0
701,'4332',906,,719,25,4,,0,653,,722,25,4,,0
701,'4480',804,,727,25,4,,0,748,,384,25,4,,0,82,,379,25,4,,0
800,'4332',829,,421,5,0,7,0,100,,733,5,,,0,115,,730,5,,,0,109,,734,5,,,0,154,,731,5,,,0,110,,735,5,,,0,105,,732,5,,,0,104,,729,5,,,0,105,,411,5,,,0,118,,412,5,,,0,160,,413,5,,,0,140,,414,5,,,0
800,'4480',625,,738,5,,,0,115,,741,5,,,0,109,,399,5,,,0,102,,398,5,,,0,95,,736,5,,,0,105,,739,5,,,0,108,,737,5,,,0,145,,740,5,,,0,107,,404,5,,,0,48,,742,5,,,0,145,,403,5,,,0,99,,744,5,,,0,56,,406,5,,,0,150,,743,5,,,0,140,,408,5,,,0
800,'5078',941,,422,5,,,0,202,,423,5,,,0,176,,745,5,,,0,130,,425,5,,,0,175,,427,5,,,0,193,,746,5,,,0
1000,'4332',1025,,466,14,,,0,401,,467,13,,,0,403,,763,14,,,0,328,,468,13,,,0
1000,'4480',802,,465,5,,,0,10,,461,13,,,0,35,,765,13,,,0,193,,463,14,,,0,386,,462,13,,,0,416,,464,14,,,0,315,,764,13,,,0
1001,'4332',859,,478,7,0,10 11 2,0,462,,479,7,,,0,385,,766,7,0,10 11 2,0,351,,481,7,,,0
1001,'4480',707,,476,7,,,0,39,,767,7,,,0,166,,473,7,0,10 11 2,0,409,,477,7,,,0,393,,474,7,0,10 11 2,0,343,,768,7,,,0
1400,'4677',915,,527,12,,,0,214,,528,12,,,0,487,,529,12,,,0
1401,'4677',836,,530,10,,,0,214,,531,10,,,0,486,,532,10,,,0
2001,'4480',1610,,545,1,,,0
