101,'4332',718,,137,2,,,0,83,,118,2,,,0,40,,140,2,,,0,78,,119,2,,,0,39,,135,2,,,0,79,,120,2,,,0,79,,121,2,,,0,40,,122,2,,,0,73,,139,2,,,0,26,,142,2,,,0,71,,123,2,,,0,30,,125,2,,,0,70,,124,2,,,0,30,,141,2,,,0,75,,129,2,,,0,70,,126,2,,,0,36,,580,2,,,0,85,,581,2,,,0,80,,583,2,,,0,40,,582,2,,,0,80,,136,2,,,0,35,,584,2,,,0,75,,134,2,,,0,105,,131,2,,,0,109,,138,2,,,0
101,'4480',551,,90,2,,,0,69,,587,2,,,0,19,,99,2,,,0,20,,104,2,,,0,59,,89,2,,,0,15,,116,2,,,0,15,,93,2,,,0,61,,102,2,,,0,20,,590,2,,,0,21,,91,2,,,0,60,,95,2,,,0,21,,588,2,,,0,70,,88,2,,,0,30,,101,2,,,0,75,,100,2,,,0,30,,586,2,,,0,70,,105,2,,,0,30,,87,2,,,0,75,,589,2,,,0,35,,592,2,,,0,68,,92,2,,,0,30,,108,2,,,0,61,,103,2,,,0,11,,112,2,,,0,10,,591,2,,,0,83,,114,2,,,0,19,,110,2,,,0,21,,113,2,,,0,73,,98,2,,,0,110,,109,2,,,0,80,,107,2,,,0,40,,111,2,,,0
101,'4661',1547,,154,2,,,0,210,,155,2,,,0,275,,156,2,,,0,105,,157,2,,,0
101,'4663',1547,,80,2,,,0,210,,81,2,,,0,275,,82,2,,,0,105,,83,2,,,0,109,,84,2,,,0
101,'5078',901,,143,2,,,0,100,,144,2,,,0,105,,593,2,,,0,100,,146,2,,,0,100,,594,2,,,0,50,,148,2,,,0,100,,595,2,,,0,100,,596,2,,,0,92,,152,2,,,0,93,,598,2,,,0,100,,597,2,,,0
401,'4332',846,,290,2,,,0,160,,285,2,,,0,116,,286,2,,,0,115,,287,2,,,0,109,,289,2,,,0,100,,288,2,,,0,172,,293,2,,,0,105,,292,2,,,0,102,,658,2,,,0
401,'4480',851,,660,2,,,0,100,,659,2,,,0,105,,662,2,,,0,100,,280,2,,,0,147,,661,2,,,0,100,,282,2,,,0,149,,277,2,,,0,286,,278,2,,,0
401,'4661',1710,,297,2,,,0
401,'4663',1710,,276,2,,,0
401,'5078',853,,295,2,,,0,373,,663,2,,,0,291,,664,2,,,0
1501,'5003',904,,790,4,,,0,40,,791,4,,,0,80,,792,4,,,0,280,,787,4,,,0,40,,788,4,,,0,80,,789,4,,,0
