500,'4528',806,,1085,3,,,0,31,,1084,7,,,0,93,,1090,7,,,0,128,,1086,7,,,0,146,,1087,7,,,0,105,,1088,7,,,0,101,,1089,7,,,0,95,,1082,7,,,0,114,,1083,7,,,0
500,'5078',1115,,682,7,,,0,130,,683,7,,,0,171,,684,7,,,0,184,,681,7,,,0
500,'5363',954,,1092,7,,,0,148,,1095,7,,,0,113,,1096,7,,,0,106,,1097,7,,,0,111,,1094,7,,,0,104,,1098,7,,,0,105,,1091,7,,,0
500,'5365',1115,,1099,7,,,0,130,,1100,7,,,0,171,,1101,7,,,0,184,,1102,7,,,0
800,'4528',625,,1184,7,,,0,116,,1189,7,,,0,109,,1186,7,,,0,103,,1185,7,,,0,94,,1182,7,,,0,105,,1187,7,,,0,148,,1183,7,,,0,106,,1188,7,,,0,194,,1190,7,,,0,104,,1191,7,,,0,106,,1195,7,,,0,90,,1192,7,,,0,110,,1193,7,,,0,140,,1194,7,,,0
800,'4623',1513,,1196,7,,,0
800,'5078',942,,422,7,,,0,202,,423,7,,,0,176,,745,7,,,0,130,,425,7,,,0,175,,427,7,,,0,193,,746,7,,,0
800,'5222',1513,,1197,7,,,0
800,'5363',832,,1209,7,0,7,0,92,,1206,7,,,0,120,,1203,7,,,0,109,,1207,7,,,0,157,,1204,7,,,0,105,,1208,7,,,0,108,,1205,7,,,0,105,,1198,7,,,0,108,,1199,7,,,0,115,,1200,7,,,0,161,,1201,7,,,0,138,,1202,7,,,0
800,'5365',942,,1210,7,,,0,202,,1211,7,,,0,176,,1212,7,,,0,130,,1213,7,,,0,175,,1215,7,,,0,193,,1214,7,,,0
