101,'4332',726,,137,15,,,0,84,,118,15,,,0,40,,140,15,,,0,79,,119,15,,,0,79,,135,15,,,0,39,,120,15,,,0,80,,121,15,,,0,80,,122,15,,,0,33,,139,15,,,0,66,,142,15,,,0,31,,123,15,,,0,70,,125,15,,,0,30,,124,15,,,0,70,,141,15,,,0,35,,129,15,,,0,70,,126,15,,,0,36,,580,15,,,0,84,,581,15,,,0,79,,583,15,,,0,40,,582,15,,,0,80,,136,15,,,0,74,,584,15,,,0,35,,134,15,,,0,105,,131,15,,,0,109,,138,15,,,0
101,'4480',559,,90,15,,,0,69,,587,15,,,0,19,,99,15,,,0,60,,104,15,,,0,19,,89,15,,,0,16,,116,15,,,0,12,,585,12,0,13,0,3,,93,15,,,0,64,,102,15,,,0,20,,590,15,,,0,61,,91,15,,,0,20,,95,15,,,0,21,,588,15,,,0,70,,88,15,,,0,30,,101,15,,,0,75,,100,15,,,0,30,,586,15,,,0,70,,105,15,,,0,30,,87,15,,,0,75,,589,15,,,0,35,,592,15,,,0,68,,92,15,,,0,30,,108,15,,,0,61,,103,15,,,0,11,,112,15,,,0,10,,591,15,,,0,82,,114,15,,,0,19,,110,15,,,0,61,,113,15,,,0,32,,98,15,,,0,110,,109,15,,,0,80,,107,15,,,0,78,,111,15,,,0
101,'4661',1559,,154,15,,,0,248,,155,15,,,0,233,,156,15,,,0,105,,157,15,,,0
101,'4663',1559,,80,15,,,0,248,,81,15,,,0,233,,82,15,,,0,105,,83,15,,,0,109,,84,15,,,0
101,'5078',911,,143,15,,,0,100,,144,15,,,0,106,,593,15,,,0,100,,146,15,,,0,100,,594,15,,,0,90,,148,15,,,0,100,,595,15,,,0,100,,596,15,,,0,51,,152,15,,,0,92,,598,15,,,0,99,,597,15,,,0
601,'4332',831,,708,19,,,0,105,,709,19,,,0,105,,710,19,,,0,100,,711,19,,,0,110,,364,19,,,0,105,,712,19,,,0,145,,366,19,,,0,100,,713,19,,,0,100,,362,19,,,0,100,,368,19,,,0,100,,714,19,,,0,50,,370,19,,,0,90,,371,19,,,0
601,'4480',631,,355,19,,,0,100,,350,19,,,0,100,,356,19,,,0,102,,344,19,,,0,103,,357,19,,,0,105,,715,19,,,0,110,,717,19,,,0,95,,353,19,,,0,100,,348,19,,,0,105,,354,19,,,0,95,,349,19,,,0,110,,345,19,,,0,95,,716,19,,,0,100,,346,19,,,0,90,,352,19,,,0
601,'5078',1016,,372,19,,,0,205,,373,19,,,0,135,,374,19,,,0,170,,375,19,,,0,175,,376,19,,,0
1101,'4332',1004,,507,4,,,0,118,,503,4,,,0,397,,773,4,,,0,400,,505,4,,,0,330,,506,4,,,0
1101,'4480',731,,775,4,,,0,273,,498,4,,,0,118,,500,4,,,0,237,,774,4,,,0,160,,776,4,,,0,400,,497,4,,,0,330,,502,4,,,0
1201,'4480',721,,780,14,,,0,125,,517,14,,,0,407,,518,14,,,0,198,,516,14,,,0,300,,519,14,,,0,102,,521,14,,,0
9901,'4480',1604,,560,30,0,5 6,0
