101,'4332',732,,137,19,,,0,84,,118,19,,,0,40,,140,19,,,0,80,,119,19,,,0,80,,135,19,,,0,39,,120,19,,,0,80,,121,19,,,0,80,,122,19,,,0,33,,139,19,,,0,66,,142,19,,,0,30,,123,19,,,0,70,,125,19,,,0,30,,124,19,,,0,70,,141,19,,,0,35,,129,19,,,0,70,,126,19,,,0,36,,580,19,,,0,84,,581,19,,,0,78,,583,19,,,0,40,,582,19,,,0,80,,136,19,,,0,74,,584,19,,,0,35,,134,19,,,0,105,,131,19,,,0,149,,138,19,,,0
101,'4480',605,,90,19,,,0,29,,587,19,,,0,19,,99,19,,,0,60,,104,19,,,0,19,,89,19,,,0,16,,116,19,,,0,52,,585,16,0,13,0,3,,93,19,,,0,24,,102,19,,,0,20,,590,19,,,0,61,,91,19,,,0,20,,95,19,,,0,21,,588,19,,,0,71,,88,19,,,0,30,,101,19,,,0,75,,100,19,,,0,30,,586,19,,,0,71,,105,19,,,0,30,,87,19,,,0,75,,589,19,,,0,75,,592,19,,,0,28,,92,19,,,0,70,,108,19,,,0,21,,103,19,,,0,11,,112,19,,,0,10,,591,19,,,0,82,,114,19,,,0,19,,110,19,,,0,60,,113,19,,,0,32,,98,19,,,0,109,,109,19,,,0,80,,107,19,,,0,78,,111,19,,,0
101,'4661',1607,,154,19,,,0,206,,155,19,,,0,233,,156,19,,,0,105,,157,19,,,0
101,'4663',1607,,80,19,,,0,206,,81,19,,,0,233,,82,19,,,0,105,,83,19,,,0,149,,84,19,,,0
101,'5078',918,,143,19,,,0,100,,144,19,,,0,106,,593,19,,,0,100,,146,19,,,0,101,,594,19,,,0,90,,148,19,,,0,100,,595,19,,,0,99,,596,19,,,0,91,,152,19,,,0,52,,598,19,,,0,98,,597,19,,,0
501,'4332',853,,686,4,0,13 16,0,171,,687,4,,,0,108,,688,4,,,0,113,,689,4,,,0,110,,691,4,,,0,145,,690,4,,,0,105,,685,4,,,0,100,,692,4,0,13 16,0,130,,338,4,0,13 16,0
501,'4480',925,,696,4,,,0,100,,697,4,,,0,105,,698,4,,,0,106,,699,4,,,0,105,,700,4,,,0,93,,701,4,,,0,94,,322,4,0,13 16,0,3,,693,4,,,0,114,,694,4,,,0
501,'5078',905,,707,4,,,0,238,,704,4,,,0,178,,705,4,,,0,130,,703,4,,,0,191,,706,4,,,0
601,'4332',844,,708,33,,,0,105,,709,33,,,0,105,,710,33,,,0,100,,711,33,,,0,150,,364,33,,,0,105,,712,33,,,0,105,,366,33,,,0,100,,713,33,,,0,100,,362,33,,,0,100,,368,33,,,0,100,,714,33,,,0,90,,370,33,,,0,50,,371,33,,,0
601,'4480',644,,355,33,,,0,100,,350,33,,,0,100,,356,33,,,0,102,,344,33,,,0,103,,357,33,,,0,105,,715,33,,,0,150,,717,33,,,0,55,,353,33,,,0,100,,348,33,,,0,145,,354,33,,,0,55,,349,33,,,0,150,,345,33,,,0,95,,716,33,,,0,100,,346,33,,,0,50,,352,33,,,0
601,'5078',1029,,372,33,,,0,205,,373,33,,,0,175,,374,33,,,0,130,,375,33,,,0,175,,376,33,,,0
1101,'4332',1010,,507,8,,,0,118,,503,8,,,0,397,,773,8,,,0,399,,505,8,,,0,330,,506,8,,,0
1101,'4480',736,,775,8,,,0,274,,498,8,,,0,118,,500,8,,,0,278,,774,8,,,0,120,,776,8,,,0,398,,497,8,,,0,330,,502,8,,,0
1201,'4332',1256,,779,13,,,0,600,,522,13,,,0
1201,'4480',727,,780,19,,,0,125,,517,19,,,0,407,,518,19,,,0,198,,516,19,,,0,300,,519,19,,,0,102,,521,19,,,0
1301,'4677',1026,,524,16,,,0,214,,525,16,,,0,486,,526,16,,,0
9900,'4480',859,,803,45,0,5 6,0
9901,'4480',1610,,560,34,0,5 6,0
