101,'4332',731,,137,17,,,0,84,,118,17,,,0,40,,140,17,,,0,79,,119,17,,,0,80,,135,17,,,0,39,,120,17,,,0,80,,121,17,,,0,80,,122,17,,,0,33,,139,17,,,0,66,,142,17,,,0,30,,123,17,,,0,70,,125,17,,,0,30,,124,17,,,0,70,,141,17,,,0,35,,129,17,,,0,70,,126,17,,,0,36,,580,17,,,0,84,,581,17,,,0,79,,583,17,,,0,40,,582,17,,,0,80,,136,17,,,0,74,,584,17,,,0,34,,134,17,,,0,105,,131,17,,,0,109,,138,17,,,0
101,'4480',603,,90,17,,,0,29,,587,17,,,0,19,,99,17,,,0,60,,104,17,,,0,19,,89,17,,,0,17,,116,17,,,0,12,,585,14,0,13,0,43,,93,17,,,0,24,,102,17,,,0,20,,590,17,,,0,61,,91,17,,,0,20,,95,17,,,0,21,,588,17,,,0,70,,88,17,,,0,30,,101,17,,,0,75,,100,17,,,0,30,,586,17,,,0,71,,105,17,,,0,30,,87,17,,,0,75,,589,17,,,0,75,,592,17,,,0,28,,92,17,,,0,70,,108,17,,,0,21,,103,17,,,0,11,,112,17,,,0,10,,591,17,,,0,82,,114,17,,,0,19,,110,17,,,0,60,,113,17,,,0,32,,98,17,,,0,110,,109,17,,,0,79,,107,17,,,0,78,,111,17,,,0
101,'4661',1605,,154,17,,,0,207,,155,17,,,0,232,,156,17,,,0,105,,157,17,,,0
101,'4663',1605,,80,17,,,0,207,,81,17,,,0,232,,82,17,,,0,105,,83,17,,,0,109,,84,17,,,0
101,'5078',916,,143,17,,,0,100,,144,17,,,0,106,,593,17,,,0,100,,146,17,,,0,101,,594,17,,,0,90,,148,17,,,0,100,,595,17,,,0,99,,596,17,,,0,91,,152,17,,,0,52,,598,17,,,0,99,,597,17,,,0
601,'4332',842,,708,31,,,0,105,,709,31,,,0,105,,710,31,,,0,100,,711,31,,,0,150,,364,31,,,0,105,,712,31,,,0,105,,366,31,,,0,100,,713,31,,,0,100,,362,31,,,0,100,,368,31,,,0,100,,714,31,,,0,90,,370,31,,,0,50,,371,31,,,0
601,'4480',642,,355,31,,,0,100,,350,31,,,0,100,,356,31,,,0,102,,344,31,,,0,103,,357,31,,,0,105,,715,31,,,0,150,,717,31,,,0,55,,353,31,,,0,100,,348,31,,,0,145,,354,31,,,0,55,,349,31,,,0,150,,345,31,,,0,95,,716,31,,,0,100,,346,31,,,0,50,,352,31,,,0
601,'5078',1027,,372,31,,,0,205,,373,31,,,0,175,,374,31,,,0,130,,375,31,,,0,175,,376,31,,,0
1101,'4332',1009,,507,6,,,0,117,,503,6,,,0,398,,773,6,,,0,399,,505,6,,,0,330,,506,6,,,0
1101,'4480',735,,775,6,,,0,273,,498,6,,,0,118,,500,6,,,0,278,,774,6,,,0,120,,776,6,,,0,399,,497,6,,,0,330,,502,6,,,0
1201,'4480',726,,780,17,,,0,125,,517,17,,,0,407,,518,17,,,0,198,,516,17,,,0,300,,519,17,,,0,102,,521,17,,,0
9901,'4480',1609,,560,32,0,5 6,0
