701,'4528',659,,1163,15,0,12,0,253,,1168,15,0,12,0,112,,1169,15,0,12,0,95,,1164,15,0,12,0,110,,1170,15,0,12,0,196,,1165,15,0,12,0,301,,1171,15,0,12,0,108,,1162,15,0,12,0
701,'4623',2044,,1173,15,0,12,0
701,'5222',2044,,1175,15,0,12,0
701,'5363',1109,,1180,15,0,12,0,207,,1177,15,0,12,0,413,,1179,15,0,12,0,315,,1178,15,0,12,0
800,'4528',636,,1184,19,,,0,116,,1189,19,,,0,149,,1186,19,,,0,103,,1185,19,,,0,54,,1182,19,,,0,145,,1187,19,,,0,108,,1183,19,,,0,106,,1188,19,,,0,194,,1190,19,,,0,104,,1191,19,,,0,106,,1195,19,,,0,90,,1192,19,,,0,110,,1193,19,,,0,180,,1194,19,,,0
800,'4623',1524,,1196,19,,,0
800,'5078',953,,422,19,,,0,202,,423,19,,,0,176,,745,19,,,0,170,,425,19,,,0,135,,427,19,,,0,193,,746,19,,,0
800,'5222',1524,,1197,19,,,0
800,'5363',843,,1209,19,0,7,0,92,,1206,19,,,0,120,,1203,19,,,0,149,,1207,19,,,0,117,,1204,19,,,0,105,,1208,19,,,0,108,,1205,19,,,0,105,,1198,19,,,0,108,,1199,19,,,0,155,,1200,19,,,0,121,,1201,19,,,0,178,,1202,19,,,0
800,'5365',953,,1210,19,,,0,202,,1211,19,,,0,176,,1212,19,,,0,170,,1213,19,,,0,135,,1215,19,,,0,193,,1214,19,,,0
