100,'4528',622,,806,2,,,0,30,,812,2,,,0,60,,818,2,,,0,20,,822,2,,,0,18,,804,2,,,0,56,,805,2,,,0,18,,813,2,,,0,21,,819,2,,,0,61,,823,2,,,0,20,,808,2,,,0,20,,811,2,,,0,65,,815,2,,,0,25,,809,2,,,0,72,,820,2,,,0,35,,816,2,,,0,79,,824,2,,,0,80,,807,2,,,0,40,,814,2,,,0,70,,836,2,,,0,30,,810,2,,,0,70,,826,2,,,0,30,,821,2,,,0,60,,833,2,,,0,20,,817,2,,,0,19,,832,2,,,0,60,,828,2,,,0,22,,831,2,,,0,28,,837,2,,,0,65,,825,2,,,0,36,,830,2,,,0,74,,829,2,,,0,75,,827,2,,,0,105,,834,2,,,0,105,,835,2,,,0
100,'4623',2346,,838,2,,,0
100,'5078',916,,72,2,,,0,42,,573,2,,,0,143,,63,2,,,0,45,,574,2,,,0,100,,66,2,,,0,100,,575,2,,,0,90,,576,2,,,0,100,,69,2,,,0,100,,577,2,,,0,100,,579,2,,,0,95,,73,2,,,0,102,,578,2,,,0
100,'5363',833,,856,2,,,0,80,,839,2,,,0,43,,861,2,,,0,80,,841,2,,,0,80,,840,2,,,0,40,,845,2,,,0,78,,848,2,,,0,70,,860,2,,,0,30,,863,2,,,0,70,,844,2,,,0,30,,847,2,,,0,70,,843,2,,,0,30,,862,2,,,0,67,,842,2,,,0,33,,849,2,,,0,74,,846,2,,,0,35,,851,2,,,0,73,,852,2,,,0,36,,850,2,,,0,74,,857,2,,,0,75,,853,2,,,0,105,,854,2,,,0,105,,855,2,,,0,135,,859,2,,,0
100,'5365',916,,873,2,,,0,42,,865,2,,,0,143,,864,2,,,0,45,,866,2,,,0,100,,867,2,,,0,100,,868,2,,,0,90,,869,2,,,0,100,,870,2,,,0,100,,871,2,,,0,100,,875,2,,,0,95,,874,2,,,0,102,,872,2,,,0
201,'4528',615,,991,2,,,0,44,,992,2,,,0,159,,994,2,,,0,100,,989,2,,,0,411,,988,2,,,0,204,,990,2,,,0,170,,995,2,,,0,125,,987,2,,,0,110,,986,2,,,0,181,,993,2,,,0
201,'4623',2312,,996,2,,,0
201,'5078',924,,633,2,,,0,115,,635,2,,,0,300,,636,2,,,0,361,,634,2,,,0,158,,632,2,,,0
201,'5363',919,,998,2,,,0,325,,1002,2,,,0,105,,997,2,,,0,309,,999,2,,,0,160,,1000,2,,,0,301,,1001,2,,,0,193,,1003,2,,,0
201,'5365',925,,1005,2,,,0,113,,1007,2,,,0,301,,1008,2,,,0,361,,1006,2,,,0,158,,1004,2,,,0
500,'4528',834,,1084,2,,,0,93,,1090,2,,,0,128,,1086,2,,,0,145,,1087,2,,,0,105,,1088,2,,,0,101,,1089,2,,,0,95,,1082,2,,,0,114,,1083,2,,,0
500,'5078',1111,,682,2,,,0,130,,683,2,,,0,171,,684,2,,,0,144,,681,2,,,0
500,'5363',950,,1092,2,,,0,108,,1095,2,,,0,152,,1096,2,,,0,106,,1097,2,,,0,111,,1094,2,,,0,105,,1098,2,,,0,105,,1091,2,,,0
500,'5365',1111,,1099,2,,,0,130,,1100,2,,,0,171,,1101,2,,,0,144,,1102,2,,,0
800,'4528',622,,1184,2,,,0,116,,1189,2,,,0,109,,1186,2,,,0,103,,1185,2,,,0,94,,1182,2,,,0,105,,1187,2,,,0,107,,1183,2,,,0,146,,1188,2,,,0,154,,1190,2,,,0,145,,1191,2,,,0,106,,1195,2,,,0,50,,1192,2,,,0,150,,1193,2,,,0,140,,1194,2,,,0
800,'4623',1509,,1196,2,,,0
800,'5078',939,,422,2,,,0,201,,423,2,,,0,176,,745,2,,,0,130,,425,2,,,0,175,,427,2,,,0,194,,746,2,,,0
800,'5222',1509,,1197,2,,,0
800,'5363',828,,1209,2,0,7,0,92,,1206,2,,,0,120,,1203,2,,,0,108,,1207,2,,,0,157,,1204,2,,,0,105,,1208,2,,,0,108,,1205,2,,,0,106,,1198,2,,,0,108,,1199,2,,,0,115,,1200,2,,,0,161,,1201,2,,,0,139,,1202,2,,,0
800,'5365',939,,1210,2,,,0,201,,1211,2,,,0,176,,1212,2,,,0,130,,1213,2,,,0,175,,1215,2,,,0,194,,1214,2,,,0
1001,'5078',1035,,482,2,,,0,687,,483,2,,,0
1001,'5365',1035,,1273,2,,,0,687,,1274,2,,,0
1400,'5212',913,,1318,9,,,0,214,,1319,9,,,0,486,,1320,9,,,0
2001,'4528',1016,,1340,2,,,0,105,,1338,2,,,0,105,,1337,2,,,0,385,,1336,4,,,0,120,,1339,2,,,0
2001,'4623',1430,,1341,2,,,0
2001,'5078',1202,,802,2,,,0,307,,801,2,,,0
2001,'5222',1430,,1342,2,,,0
2001,'5363',753,,1343,2,,,0,267,,1346,2,,,0,112,,1345,2,,,0,315,,1347,2,,,0,105,,1348,2,,,0,380,,1344,2,,,0
2001,'5365',1200,,1350,2,,,0,309,,1349,2,,,0
