501,'4528',713,,1112,9,,,0,113,,1105,9,,,0,93,,1106,14,,,0,117,,1107,14,,,0,105,,1108,14,,,0,107,,1109,14,,,0,106,,1110,14,,,0,92,,1111,14,,,0,97,,1103,14,,,0,113,,1104,14,,,0
501,'5078',915,,707,14,,,0,238,,704,14,,,0,179,,705,14,,,0,170,,703,14,,,0,151,,706,14,,,0
501,'5363',1032,,1115,14,,,0,108,,1116,14,,,0,117,,1117,14,,,0,145,,1119,14,,,0,108,,1118,14,,,0,106,,1113,14,,,0
501,'5365',915,,1126,14,,,0,238,,1123,14,,,0,179,,1124,14,,,0,170,,1122,14,,,0,151,,1125,14,,,0
701,'4528',803,,1166,23,,,0,749,,1167,23,,,0
701,'4623',1631,,1172,23,,,0
701,'5222',1631,,1174,23,,,0
701,'5363',905,,1176,23,,,0,653,,1181,23,,,0
801,'4528',655,,1218,21,,,0,150,,1216,21,,,0,104,,1217,21,,,0,100,,1219,21,,,0,105,,1220,21,,,0,105,,1221,21,,,0,103,,1222,21,,,0,200,,1223,21,,,0,100,,1228,21,,,0,105,,1224,21,,,0,97,,1226,21,,,0,110,,1225,21,,,0,181,,1227,21,,,0
801,'4623',1422,,1229,21,,,0
801,'5078',1053,,456,21,,,0,203,,761,21,,,0,174,,454,21,,,0,175,,455,21,,,0,130,,458,21,,,0,119,,762,21,,,0
801,'5222',1422,,1230,21,,,0
801,'5363',909,,1232,21,,,0,100,,1233,21,,,0,112,,1240,21,,,0,108,,1234,21,,,0,111,,1241,21,,,0,100,,1231,21,,,0,105,,1235,21,,,0,106,,1236,21,,,0,163,,1237,21,,,0,114,,1238,21,,,0,187,,1239,21,,,0
801,'5365',1053,,1245,21,,,0,203,,1242,21,,,0,174,,1243,21,,,0,175,,1244,21,,,0,130,,1247,21,,,0,119,,1246,21,,,0
