701,'4528',652,,1163,3,0,12,0,95,,1166,3,,,0,158,,1168,3,0,12,0,112,,1169,3,0,12,0,95,,1164,3,0,12,0,110,,1170,3,0,12,0,196,,1165,3,0,12,0,118,,1167,3,,,0,183,,1171,3,0,12,0,108,,1162,3,0,12,0
701,'4623',1615,,1172,3,,,0,422,,1173,3,0,12,0
701,'5222',1615,,1174,3,,,0,422,,1175,3,0,12,0
701,'5363',849,,1176,3,,,0,253,,1180,3,0,12,0,207,,1177,3,0,12,0,233,,1181,3,,,0,180,,1179,3,0,12,0,315,,1178,3,0,12,0
801,'4528',645,,1218,6,,,0,110,,1216,6,,,0,104,,1217,6,,,0,100,,1219,6,,,0,145,,1220,6,,,0,105,,1221,6,,,0,103,,1222,6,,,0,200,,1223,6,,,0,100,,1228,6,,,0,105,,1224,6,,,0,97,,1226,6,,,0,110,,1225,6,,,0,181,,1227,6,,,0
801,'4623',1412,,1229,6,,,0
801,'5078',1043,,456,6,,,0,203,,761,6,,,0,174,,454,6,,,0,135,,455,6,,,0,170,,458,6,,,0,119,,762,6,,,0
801,'5222',1412,,1230,6,,,0
801,'5363',859,,1232,6,,,0,100,,1233,6,,,0,152,,1240,6,,,0,108,,1234,6,,,0,111,,1241,6,,,0,100,,1231,6,,,0,105,,1235,6,,,0,106,,1236,6,,,0,163,,1237,6,,,0,114,,1238,6,,,0,187,,1239,6,,,0
801,'5365',1043,,1245,6,,,0,203,,1242,6,,,0,174,,1243,6,,,0,135,,1244,6,,,0,170,,1247,6,,,0,119,,1246,6,,,0
