100,'4332',748,,57,4,,,0,99,,55,15,,,0,80,,38,15,,,0,80,,60,15,,,0,40,,40,15,,,0,80,,39,15,,,0,91,,42,15,,,0,30,,47,15,,,0,74,,59,15,,,0,26,,62,15,,,0,70,,41,15,,,0,30,,46,15,,,0,70,,44,15,,,0,29,,61,15,,,0,75,,43,15,,,0,30,,48,15,,,0,75,,561,15,,,0,85,,563,15,,,0,34,,564,15,,,0,81,,562,15,,,0,77,,52,15,,,0,36,,565,15,,,0,75,,53,15,,,0,105,,54,15,,,0,135,,58,15,,,0
100,'4480',632,,9,15,,,0,70,,567,15,,,0,18,,21,15,,,0,21,,26,15,,,0,60,,7,15,,,0,19,,8,15,,,0,16,,17,15,,,0,65,,22,15,,,0,20,,570,15,,,0,22,,12,15,,,0,60,,15,15,,,0,21,,569,15,,,0,30,,13,15,,,0,70,,23,15,,,0,35,,20,15,,,0,71,,566,15,,,0,72,,27,15,,,0,30,,10,15,,,0,74,,568,15,,,0,35,,572,15,,,0,69,,14,15,,,0,29,,29,15,,,0,61,,24,15,,,0,21,,35,15,,,0,81,,34,15,,,0,20,,31,15,,,0,29,,571,15,,,0,64,,28,15,,,0,105,,32,15,,,0,35,,30,15,,,0,80,,36,15,,,0
100,'4661',1641,,75,15,,,0,204,,76,15,,,0,270,,77,15,,,0,105,,78,15,,,0
100,'4663',1641,,1,15,,,0,204,,2,15,,,0,270,,3,15,,,0,105,,4,15,,,0,135,,5,15,,,0
100,'5078',927,,72,15,,,0,82,,573,15,,,0,103,,63,15,,,0,45,,574,15,,,0,100,,66,15,,,0,101,,575,15,,,0,90,,576,15,,,0,100,,69,15,,,0,99,,577,15,,,0,99,,579,15,,,0,95,,73,15,,,0,102,,578,15,,,0
601,'4332',817,,708,4,,,0,105,,709,4,,,0,105,,710,4,,,0,100,,711,4,,,0,110,,364,4,,,0,105,,712,4,,,0,105,,366,4,,,0,100,,713,4,,,0,100,,362,4,,,0,100,,368,4,,,0,100,,714,4,,,0,90,,370,4,,,0,90,,371,4,,,0
601,'4480',617,,355,4,,,0,100,,350,4,,,0,100,,356,4,,,0,102,,344,4,,,0,103,,357,4,,,0,105,,715,4,,,0,110,,717,4,,,0,95,,353,4,,,0,100,,348,4,,,0,105,,354,4,,,0,95,,349,4,,,0,110,,345,4,,,0,95,,716,4,,,0,100,,346,4,,,0,90,,352,4,,,0
601,'5078',1002,,372,4,,,0,205,,373,4,,,0,135,,374,4,,,0,170,,375,4,,,0,135,,376,4,,,0
1100,'4332',926,,495,4,,,0,117,,491,4,,,0,397,,769,4,,,0,402,,493,4,,,0,371,,494,4,,,0
1100,'4480',657,,771,4,,,0,269,,488,4,,,0,117,,484,4,,,0,277,,770,4,,,0,120,,772,4,,,0,402,,486,4,,,0,371,,490,4,,,0
1301,'4677',939,,524,4,,,0,214,,525,4,,,0,486,,526,4,,,0
9900,'4480',801,,803,4,0,5 6,0
