101,'4528',550,,880,1,,,0,69,,884,1,,,0,20,,890,1,,,0,19,,896,1,,,0,58,,879,1,,,0,15,,908,1,,,0,17,,883,1,,,0,59,,893,1,,,0,19,,897,1,,,0,19,,881,1,,,0,60,,885,1,,,0,25,,887,1,,,0,25,,878,1,,,0,70,,892,1,,,0,75,,891,1,,,0,40,,895,1,,,0,80,,877,1,,,0,80,,888,1,,,0,30,,909,1,,,0,70,,882,1,,,0,30,,900,1,,,0,70,,894,1,,,0,21,,906,1,,,0,19,,886,1,,,0,60,,905,1,,,0,20,,902,1,,,0,23,,904,1,,,0,67,,910,1,,,0,30,,889,1,,,0,75,,898,1,,,0,35,,901,1,,,0,76,,899,1,,,0,108,,903,1,,,0,106,,907,1,,,0
101,'4623',2245,,911,1,,,0
101,'5078',900,,143,1,,,0,100,,144,1,,,0,105,,593,1,,,0,100,,146,1,,,0,100,,594,1,,,0,50,,148,1,,,0,100,,595,1,,,0,100,,596,1,,,0,92,,152,1,,,0,93,,598,1,,,0,100,,597,1,,,0
101,'5363',715,,930,1,,,0,85,,912,1,,,0,45,,933,1,,,0,75,,913,1,,,0,83,,928,1,,,0,35,,914,1,,,0,79,,915,1,,,0,37,,916,1,,,0,70,,932,1,,,0,30,,935,1,,,0,69,,917,1,,,0,30,,920,1,,,0,70,,919,1,,,0,30,,934,1,,,0,70,,923,1,,,0,30,,921,1,,,0,76,,918,1,,,0,76,,922,1,,,0,35,,926,1,,,0,75,,936,1,,,0,35,,924,1,,,0,76,,929,1,,,0,108,,927,1,,,0,106,,925,1,,,0,105,,931,1,,,0
101,'5365',900,,938,1,,,0,100,,937,1,,,0,105,,939,1,,,0,100,,940,1,,,0,100,,941,1,,,0,50,,942,1,,,0,100,,943,1,,,0,100,,944,1,,,0,92,,946,1,,,0,93,,947,1,,,0,100,,945,1,,,0
301,'4528',838,,1014,31,4,,0,111,,1013,31,4,,0,105,,1012,31,4,,0,155,,1011,31,4,,0,115,,1015,31,4,,0,100,,1016,31,4,,0,92,,1010,31,4,,0,98,,1017,31,4,,0,310,,1018,31,4,,0
301,'4623',1719,,1019,31,4,,0,103,,1020,31,4,,0
301,'5078',852,,244,31,4,,0,248,,644,31,4,,0,100,,251,31,4,,0,145,,247,31,4,,0,105,,643,31,4,,0,186,,249,31,4,,0,99,,645,31,4,,0,100,,646,31,4,,0
301,'5222',1719,,1021,31,4,,0,103,,1022,31,4,,0
301,'5363',839,,1025,31,4,,0,166,,1026,31,4,,0,124,,1027,31,4,,0,110,,1023,31,4,,0,100,,1024,31,4,,0,100,,1029,31,4,,0,105,,1030,31,4,,0,115,,1031,31,4,,0,150,,1028,31,4,,0,120,,1032,31,4,,0
301,'5365',852,,1033,31,4,,0,207,,1035,31,4,,0,100,,1040,31,4,,0,185,,1036,31,4,,0,105,,1034,31,4,,0,185,,1038,31,4,,0,100,,1037,31,4,,0,100,,1039,31,4,,0
401,'4528',850,,1067,1,,,0,100,,1064,1,,,0,150,,1068,1,,,0,123,,1065,1,,,0,202,,1066,1,,,0,125,,1063,1,,,0,280,,1062,1,,,0
401,'4623',1725,,1069,1,,,0
401,'5078',852,,295,1,,,0,373,,663,1,,,0,291,,664,1,,,0
401,'5222',1725,,1070,1,,,0
401,'5363',845,,1071,1,,,0,170,,1075,1,,,0,117,,1072,1,,,0,103,,1073,1,,,0,209,,1074,1,,,0,171,,1078,1,,,0,100,,1077,1,,,0,106,,1076,1,,,0
401,'5365',853,,1079,1,,,0,372,,1080,1,,,0,290,,1081,1,,,0
