501,'4528',712,,1112,7,,,0,113,,1105,7,,,0,93,,1106,12,,,0,117,,1107,12,,,0,105,,1108,12,,,0,107,,1109,12,,,0,106,,1110,12,,,0,92,,1111,12,,,0,97,,1103,12,,,0,113,,1104,12,,,0
501,'5078',914,,707,12,,,0,238,,704,12,,,0,179,,705,12,,,0,170,,703,12,,,0,151,,706,12,,,0
501,'5363',1031,,1115,12,,,0,108,,1116,12,,,0,117,,1117,12,,,0,145,,1119,12,,,0,108,,1118,12,,,0,106,,1113,12,,,0
501,'5365',914,,1126,12,,,0,238,,1123,12,,,0,179,,1124,12,,,0,170,,1122,12,,,0,151,,1125,12,,,0
701,'4528',802,,1166,21,,,0,749,,1167,21,,,0
701,'4623',1630,,1172,21,,,0
701,'5222',1630,,1174,21,,,0
701,'5363',904,,1176,21,,,0,653,,1181,21,,,0
801,'4528',654,,1218,19,,,0,150,,1216,19,,,0,104,,1217,19,,,0,100,,1219,19,,,0,105,,1220,19,,,0,105,,1221,19,,,0,103,,1222,19,,,0,200,,1223,19,,,0,100,,1228,19,,,0,105,,1224,19,,,0,97,,1226,19,,,0,110,,1225,19,,,0,181,,1227,19,,,0
801,'4623',1421,,1229,19,,,0
801,'5078',1052,,456,19,,,0,203,,761,19,,,0,174,,454,19,,,0,175,,455,19,,,0,130,,458,19,,,0,119,,762,19,,,0
801,'5222',1421,,1230,19,,,0
801,'5363',908,,1232,19,,,0,100,,1233,19,,,0,112,,1240,19,,,0,108,,1234,19,,,0,111,,1241,19,,,0,100,,1231,19,,,0,105,,1235,19,,,0,106,,1236,19,,,0,163,,1237,19,,,0,114,,1238,19,,,0,187,,1239,19,,,0
801,'5365',1052,,1245,19,,,0,203,,1242,19,,,0,174,,1243,19,,,0,175,,1244,19,,,0,130,,1247,19,,,0,119,,1246,19,,,0
