701,'4528',801,,1166,18,,,0,749,,1167,18,,,0
701,'4623',1629,,1172,18,,,0
701,'5222',1629,,1174,18,,,0
701,'5363',903,,1176,18,,,0,653,,1181,18,,,0
801,'4528',652,,1218,16,,,0,150,,1216,16,,,0,104,,1217,16,,,0,100,,1219,16,,,0,105,,1220,16,,,0,105,,1221,16,,,0,103,,1222,16,,,0,200,,1223,16,,,0,100,,1228,16,,,0,105,,1224,16,,,0,97,,1226,16,,,0,110,,1225,16,,,0,181,,1227,16,,,0
801,'4623',1419,,1229,16,,,0
801,'5078',1050,,456,16,,,0,203,,761,16,,,0,174,,454,16,,,0,175,,455,16,,,0,130,,458,16,,,0,119,,762,16,,,0
801,'5222',1419,,1230,16,,,0
801,'5363',906,,1232,16,,,0,100,,1233,16,,,0,112,,1240,16,,,0,108,,1234,16,,,0,111,,1241,16,,,0,100,,1231,16,,,0,105,,1235,16,,,0,106,,1236,16,,,0,163,,1237,16,,,0,114,,1238,16,,,0,187,,1239,16,,,0
801,'5365',1050,,1245,16,,,0,203,,1242,16,,,0,174,,1243,16,,,0,175,,1244,16,,,0,130,,1247,16,,,0,119,,1246,16,,,0
