1000,'4528',745,,1249,1,,,0,75,,1248,1,,,0,193,,1251,2,,,0,346,,1250,1,,,0,456,,1252,2,,,0
1000,'4623',2130,,1254,1,,,0
1000,'5078',1112,,470,1,0,13,0,688,,471,1,0,13,0
1000,'5222',2130,,1255,1,,,0
1000,'5363',958,,1256,2,,,0,401,,1257,1,,,0,444,,1259,2,,,0,327,,1258,1,,,0
1000,'5365',1112,,1260,1,0,13,0,688,,1261,1,0,13,0
1001,'4528',740,,1265,17,4,,0,75,,1262,17,4,,0,539,,1266,17,4,,0
1001,'4623',2130,,1267,17,4,,0
1001,'5078',1106,,482,12,4,,0,647,,483,12,4,,0
1001,'5222',2130,,1268,17,4,,0
1001,'5363',1354,,1270,17,4,,0,776,,1272,17,4,,0
1001,'5365',1106,,1273,12,4,,0,647,,1274,12,4,,0
