100,'4332',753,,57,6,,,0,99,,55,17,,,0,80,,38,17,,,0,80,,60,17,,,0,40,,40,17,,,0,80,,39,17,,,0,91,,42,17,,,0,30,,47,17,,,0,75,,59,17,,,0,26,,62,17,,,0,70,,41,17,,,0,30,,46,17,,,0,70,,44,17,,,0,29,,61,17,,,0,75,,43,17,,,0,30,,48,17,,,0,75,,561,17,,,0,84,,563,17,,,0,34,,564,17,,,0,81,,562,17,,,0,77,,52,17,,,0,36,,565,17,,,0,75,,53,17,,,0,105,,54,17,,,0,175,,58,17,,,0
100,'4480',637,,9,17,,,0,70,,567,17,,,0,18,,21,17,,,0,21,,26,17,,,0,60,,7,17,,,0,19,,8,17,,,0,16,,17,17,,,0,65,,22,17,,,0,20,,570,17,,,0,22,,12,17,,,0,60,,15,17,,,0,21,,569,17,,,0,30,,13,17,,,0,70,,23,17,,,0,76,,20,17,,,0,31,,566,17,,,0,72,,27,17,,,0,30,,10,17,,,0,74,,568,17,,,0,35,,572,17,,,0,69,,14,17,,,0,29,,29,17,,,0,61,,24,17,,,0,21,,35,17,,,0,80,,34,17,,,0,20,,31,17,,,0,29,,571,17,,,0,64,,28,17,,,0,105,,32,17,,,0,75,,30,17,,,0,40,,36,17,,,0
100,'4661',1647,,75,17,,,0,203,,76,17,,,0,270,,77,17,,,0,105,,78,17,,,0
100,'4663',1647,,1,17,,,0,203,,2,17,,,0,270,,3,17,,,0,105,,4,17,,,0,175,,5,17,,,0
100,'5078',932,,72,17,,,0,82,,573,17,,,0,103,,63,17,,,0,85,,574,17,,,0,100,,66,17,,,0,101,,575,17,,,0,50,,576,17,,,0,100,,69,17,,,0,99,,577,17,,,0,99,,579,17,,,0,95,,73,17,,,0,102,,578,17,,,0
601,'4332',833,,708,21,,,0,105,,709,21,,,0,105,,710,21,,,0,100,,711,21,,,0,110,,364,21,,,0,105,,712,21,,,0,145,,366,21,,,0,100,,713,21,,,0,100,,362,21,,,0,100,,368,21,,,0,100,,714,21,,,0,50,,370,21,,,0,90,,371,21,,,0
601,'4480',633,,355,21,,,0,100,,350,21,,,0,100,,356,21,,,0,102,,344,21,,,0,103,,357,21,,,0,105,,715,21,,,0,110,,717,21,,,0,95,,353,21,,,0,100,,348,21,,,0,105,,354,21,,,0,95,,349,21,,,0,110,,345,21,,,0,95,,716,21,,,0,100,,346,21,,,0,90,,352,21,,,0
601,'5078',1018,,372,21,,,0,205,,373,21,,,0,135,,374,21,,,0,170,,375,21,,,0,175,,376,21,,,0
1100,'4332',932,,495,6,,,0,117,,491,6,,,0,397,,769,6,,,0,401,,493,6,,,0,370,,494,6,,,0
1100,'4480',702,,771,6,,,0,230,,488,6,,,0,117,,484,6,,,0,277,,770,6,,,0,120,,772,6,,,0,401,,486,6,,,0,370,,490,6,,,0
1301,'4677',945,,524,7,,,0,214,,525,7,,,0,486,,526,7,,,0
1500,'5003',920,,786,1,,,0,80,,784,1,,,0,40,,785,1,,,0,280,,783,1,,,0,80,,782,1,,,0,40,,781,1,,,0
1501,'5003',917,,790,10,4,,0,40,,791,10,4,,0,80,,792,10,4,,0,280,,787,10,4,,0,40,,788,10,4,,0,80,,789,10,4,,0
