701,'4528',653,,1163,4,0,12,0,95,,1166,4,,,0,158,,1168,4,0,12,0,112,,1169,4,0,12,0,95,,1164,4,0,12,0,110,,1170,4,0,12,0,196,,1165,4,0,12,0,118,,1167,4,,,0,183,,1171,4,0,12,0,108,,1162,4,0,12,0
701,'4623',1616,,1172,4,,,0,422,,1173,4,0,12,0
701,'5222',1616,,1174,4,,,0,422,,1175,4,0,12,0
701,'5363',850,,1176,4,,,0,253,,1180,4,0,12,0,207,,1177,4,0,12,0,233,,1181,4,,,0,180,,1179,4,0,12,0,315,,1178,4,0,12,0
801,'4528',646,,1218,7,,,0,110,,1216,7,,,0,144,,1217,7,,,0,100,,1219,7,,,0,105,,1220,7,,,0,105,,1221,7,,,0,103,,1222,7,,,0,200,,1223,7,,,0,100,,1228,7,,,0,105,,1224,7,,,0,97,,1226,7,,,0,110,,1225,7,,,0,181,,1227,7,,,0
801,'4623',1413,,1229,7,,,0
801,'5078',1044,,456,7,,,0,203,,761,7,,,0,174,,454,7,,,0,135,,455,7,,,0,170,,458,7,,,0,119,,762,7,,,0
801,'5222',1413,,1230,7,,,0
801,'5363',900,,1232,7,,,0,100,,1233,7,,,0,112,,1240,7,,,0,108,,1234,7,,,0,111,,1241,7,,,0,100,,1231,7,,,0,105,,1235,7,,,0,106,,1236,7,,,0,163,,1237,7,,,0,114,,1238,7,,,0,187,,1239,7,,,0
801,'5365',1044,,1245,7,,,0,203,,1242,7,,,0,174,,1243,7,,,0,135,,1244,7,,,0,170,,1247,7,,,0,119,,1246,7,,,0
