100,111278,1,0
100,111280,2,0
100,111281,3,0
100,111282,4,0
100,111284,5,0
100,111286,6,0
100,111287,7,0
100,111270,8,1
101,111270,1,0
101,111488,2,0
101,111271,3,0
101,111474,4,0
101,134002,5,0
101,111272,6,0
101,111273,7,0
101,111274,8,0
101,134004,9,0
101,134006,10,0
101,111275,11,0
101,111276,12,0
101,111277,13,0
101,134005,14,0
101,111278,15,1
200,111294,1,0
200,111502,2,0
200,111295,3,0
200,134006,4,0
200,111275,5,0
200,111276,6,0
200,111277,7,0
200,134005,8,0
200,111278,9,0
200,111280,10,0
200,111281,11,0
200,111282,12,0
200,111284,13,0
200,111286,14,0
200,111287,15,0
200,111270,16,1
201,111270,1,0
201,111488,2,0
201,111271,3,0
201,111474,4,0
201,134002,5,0
201,111272,6,0
201,111273,7,0
201,111274,8,0
201,134004,9,0
201,111278,10,0
201,134006,11,0
201,111275,12,0
201,111276,13,0
201,111420,14,0
201,111421,15,0
201,111507,16,0
201,111503,17,0
201,111504,18,0
201,111505,19,0
201,111288,20,0
201,111289,21,0
201,111290,22,0
201,111291,23,0
201,111292,24,0
201,111293,25,0
201,111501,26,0
201,111500,27,0
201,111294,28,0
201,111502,29,0
201,103868,30,0
201,103867,31,1
300,111270,1,0
300,111381,2,0
300,111296,3,0
300,111297,4,0
300,111298,5,0
300,111299,6,0
300,111476,7,0
300,111477,8,0
300,111300,9,0
300,111479,10,0
300,111301,11,0
300,111373,12,0
300,111302,13,0
300,111303,14,0
300,111304,15,0
300,111305,16,0
300,111306,17,0
300,111307,18,0
300,111308,19,0
300,111309,20,0
300,111310,21,0
300,111311,22,0
300,111312,23,0
300,111313,24,0
300,111314,25,0
300,111315,26,0
300,111316,27,0
300,111317,28,0
300,111318,29,0
300,111319,30,0
300,111320,31,0
300,111321,32,0
300,111322,33,0
300,111471,34,0
300,111323,35,0
300,111324,36,0
300,111325,37,0
300,111326,38,0
300,111327,39,0
300,111328,40,0
300,111329,41,0
300,111330,42,0
300,111331,43,0
300,111332,44,0
300,111333,45,0
300,103872,46,0
300,111336,47,0
300,111499,48,0
300,111278,49,0
300,111459,50,0
300,111337,51,0
300,111383,52,0
300,111287,53,1
401,111270,1,0
401,111382,2,0
401,111490,3,0
401,111336,4,0
401,111499,5,0
401,111278,6,0
401,111459,7,0
401,111337,8,0
401,103871,9,0
401,103870,10,0
401,111340,11,0
401,111341,12,0
401,111342,13,0
401,111343,14,0
401,111344,15,0
401,111345,16,0
401,111346,17,0
401,111347,18,0
401,111348,19,0
401,111349,20,0
401,111350,21,0
401,111472,22,0
401,111351,23,0
401,111352,24,0
401,111353,25,0
401,111354,26,0
401,111355,27,0
401,111356,28,0
401,111357,29,0
401,111358,30,0
401,111359,31,0
401,111360,32,0
401,111361,33,0
401,111362,34,0
401,111363,35,0
401,111364,36,0
401,111365,37,0
401,111366,38,0
401,111367,39,0
401,111368,40,0
401,111369,41,0
401,134008,42,0
401,111370,43,0
401,111371,44,0
401,134014,45,0
401,111372,46,0
401,111374,47,0
401,111375,48,0
401,111479,49,0
401,111478,50,0
401,111377,51,0
401,111448,52,0
401,134010,53,0
401,111299,54,0
401,111378,55,0
401,111379,56,0
401,111380,57,0
401,111489,58,1
500,111278,1,0
500,111459,2,0
500,111337,3,0
500,110270,4,0
500,111270,5,0
500,111381,6,0
500,111296,7,0
500,111492,8,1
501,111492,1,0
501,111380,2,0
501,111489,3,0
501,111270,4,1
601,111270,1,0
601,111381,2,0
601,111296,3,0
601,111297,4,0
601,111298,5,0
601,111384,6,0
601,111456,7,0
601,111473,8,0
601,111455,9,0
601,111385,10,0
601,111386,11,0
601,111387,12,0
601,111388,13,0
601,111389,14,0
601,111481,15,0
601,134013,16,0
601,111480,17,0
601,134010,18,0
601,111299,19,0
601,111476,20,0
601,111390,21,0
601,111391,22,0
601,111392,23,0
601,111393,24,0
601,111394,25,0
601,111463,26,0
601,111395,27,0
601,111396,28,0
601,111378,29,0
601,111379,30,0
601,111380,31,0
601,111489,32,1
700,111270,1,0
700,111397,2,0
700,111398,3,0
700,111399,4,0
700,111400,5,0
700,111401,6,0
700,111457,7,0
700,111464,8,0
700,111402,9,0
700,111465,10,0
700,111491,11,0
700,111404,12,0
700,111405,13,0
700,111406,14,0
700,111461,15,0
700,111407,16,0
700,111467,17,0
700,111408,18,0
700,111409,19,0
700,111410,20,0
700,111411,21,0
700,111413,22,0
700,111414,23,0
700,111278,24,0
700,111280,25,0
700,111281,26,0
700,111282,27,0
700,111284,28,0
700,111286,29,0
700,134003,30,0
700,111432,31,0
700,111287,32,1
800,111278,1,0
800,111423,2,0
800,111412,3,0
800,111424,4,0
800,111425,5,0
800,111426,6,0
800,111427,7,0
800,111428,8,0
800,111429,9,0
800,111430,10,0
800,111417,11,0
800,111431,12,0
800,134001,13,0
800,111415,14,0
800,111416,15,0
800,134003,16,0
800,111432,17,0
800,111286,18,0
800,111287,19,0
800,111270,20,1
801,111270,1,0
801,111397,2,0
801,111415,3,0
801,111416,4,0
801,134003,5,0
801,111398,6,0
801,111399,7,0
801,111404,8,0
801,111405,9,0
801,111406,10,0
801,111418,11,0
801,111419,12,0
801,111420,13,0
801,111421,14,0
801,111422,15,0
801,111408,16,0
801,111409,17,0
801,111410,18,0
801,111411,19,0
801,111413,20,0
801,111414,21,0
801,134004,22,0
801,134006,23,0
801,111275,24,0
801,111276,25,0
801,111277,26,0
801,134005,27,0
801,111278,28,1
900,111270,1,0
900,111382,2,0
900,111490,3,0
900,103871,4,0
900,103870,5,0
900,111340,6,0
900,111349,7,0
900,111350,8,0
900,111472,9,0
900,111351,10,0
900,111352,11,0
900,110323,12,0
900,111321,13,0
900,111322,14,0
900,111471,15,0
900,111323,16,0
900,111324,17,0
900,111332,18,0
900,111333,19,0
900,103872,20,0
900,111383,21,0
900,111287,22,0
900,111326,23,0
900,111371,24,0
900,111478,25,0
900,134010,26,0
900,111378,27,1
1000,111438,1,0
1000,111439,2,0
1000,111440,3,0
1000,111441,4,0
1000,111442,5,0
1000,111443,6,0
1000,111445,7,0
1000,111483,8,0
1000,103869,9,0
1000,134007,10,0
1000,111278,11,0
1000,111280,12,0
1000,111281,13,0
1000,111282,14,0
1000,111284,15,0
1000,111286,16,0
1000,111287,17,0
1000,111270,18,0
1000,111506,19,0
1000,111288,20,0
1000,111289,21,0
1000,111290,22,1
1001,111270,1,0
1001,111488,2,0
1001,111271,3,0
1001,111474,4,0
1001,134002,5,0
1001,111272,6,0
1001,111273,7,0
1001,111274,8,0
1001,134004,9,0
1001,111278,10,0
1001,134006,11,0
1001,103868,12,0
1001,103867,13,0
1001,111433,14,0
1001,111434,15,0
1001,111435,16,0
1001,111436,17,0
1001,111437,18,0
1001,111438,19,1
1100,111270,1,0
1100,111381,2,0
1100,111296,3,0
1100,111297,4,0
1100,111298,5,0
1100,111299,6,0
1100,111476,7,0
1100,111448,8,0
1100,134011,9,0
1100,103873,10,0
1100,111366,11,0
1100,111367,12,0
1100,111368,13,0
1100,111369,14,0
1100,134012,15,0
1100,111449,16,0
1100,111450,17,0
1100,111451,18,0
1100,111452,19,1
1101,111452,1,0
1101,111450,2,0
1101,111451,3,0
1101,134008,4,0
1101,111475,5,0
1101,134010,6,0
1101,111299,7,0
1101,111378,8,0
1101,111379,9,0
1101,111380,10,0
1101,111489,11,0
1101,111270,12,1
1200,111270,1,0
1200,111381,2,0
1200,111296,3,0
1200,110270,4,0
1200,111492,5,0
1200,134023,6,0
1200,134017,7,0
1200,134019,8,0
1200,134020,9,0
1200,134021,10,1
1201,134021,1,0
1201,134022,2,0
1201,111466,3,0
1201,134018,4,0
1201,134016,5,0
1201,110227,6,0
1201,110303,7,0
1201,134010,8,0
1201,111299,9,0
1201,111378,10,0
1201,111379,11,0
1201,111492,12,0
1201,111380,13,0
1201,111489,14,0
1201,111270,15,1
3400,111323,1,0
3400,111326,2,0
3400,111371,3,0
3400,111478,4,0
3400,134010,5,0
3400,111378,6,0
3400,111270,7,1
3401,111270,1,0
3401,111298,2,0
3401,111476,3,0
3401,111300,4,0
3401,111303,5,0
3401,111348,6,0
3401,111350,7,1
9900,111381,1,0
9900,111296,2,0
9900,111297,3,0
9900,111298,4,0
9900,111448,5,0
9900,134011,6,0
9900,103873,7,0
9900,111450,8,0
9900,111451,9,0
9900,134008,10,0
9900,111370,11,0
9900,111371,12,0
9900,134014,13,0
9900,111372,14,0
9900,111374,15,0
9900,111375,16,0
9900,111479,17,0
9900,111377,18,0
9900,111390,19,0
9900,111391,20,0
9900,111392,21,0
9900,111393,22,0
9900,111394,23,0
9900,111463,24,0
9900,111395,25,0
9900,111396,26,0
9900,111384,27,0
9900,111456,28,0
9900,111473,29,0
9900,111455,30,0
9900,111385,31,0
9900,111386,32,0
9900,111387,33,0
9900,111388,34,0
9900,111389,35,0
9900,111481,36,0
9900,111478,37,0
9900,111492,38,0
9900,111380,39,0
9900,111489,40,0
9900,111270,41,1
9901,111492,1,0
9901,111390,2,0
9901,111391,3,0
9901,111392,4,0
9901,111393,5,0
9901,111394,6,0
9901,111463,7,0
9901,111395,8,0
9901,111396,9,0
9901,111384,10,0
9901,111456,11,0
9901,111473,12,0
9901,111455,13,0
9901,111385,14,0
9901,111386,15,0
9901,111387,16,0
9901,111388,17,0
9901,111389,18,0
9901,111481,19,0
9901,111479,20,0
9901,111301,21,0
9901,111373,22,0
9901,111302,23,0
9901,111303,24,0
9901,111304,25,0
9901,134009,26,0
9901,103874,27,0
9901,111475,28,0
9901,134010,29,0
9901,111299,30,0
9901,111378,31,0
9901,111379,32,0
9901,111380,33,0
9901,111489,34,0
9901,111270,35,1
